3650.845244983641
3650.23703039065
3664.0782437444877
3664.702871924696
3652.223986309881
3665.858206091592
3668.909309582069
3657.807341561581
3654.5811598074547
3657.427093457717
3662.1642371017774
3672.0133012980223
3672.6926414356208
3661.916209561607
3677.08236415025
3672.582305654883
3666.99986226914
3658.5340987289183
3655.830416167871
3657.631351431975
3656.034674142129
3659.343835698298
3662.2517762336015
3672.062542059674
3680.530129331809
3660.548410626845
3676.5115360614773
3670.803255173736
3667.9317892766917
3664.081891208314
3670.192304982876
3664.1393387635744
3658.321633961052
3663.619575168365
3659.166933702735
3678.6106514933585
3679.825256947428
3695.501144605761
3689.356079924852
3698.89875715971
3673.3537442540887
3663.9159316042296
3679.4641580286507
3667.318103487961
3687.9399520943934
3695.61603971628
3688.9986284699
3685.3994935395617
3670.245193208353
3671.5537208559417
3694.902960538291
3681.775738228399
3669.5831785239284
3666.014135170155
3660.522878380063
3615.9089245919427
3683.6487109030672
3676.103931978918
3661.546903849221
3678.97083854618
3667.8816366490837
3638.6718344642572
3641.8961924864698
3651.556500429717
3648.975919772799
3672.276830559453
3694.9777335467247
3684.1438541174507
3686.0305047814654
3685.538097164952
3687.415629169401
3690.9828487912623
3683.020435259033
3659.5608597959454
3680.718885584807
3678.579648050838
3670.8944417693865
3677.415195224377
3687.329001903534
3674.1616574915556
3671.175296483991
3675.2914594116687
3689.770978935063
3686.367895185375
3689.529334456588
3685.686731315863
3676.112138772527
3664.8378280862594
3691.6384804139916
3715.921470835805
3684.628054940357
3716.543363418144
3688.23630853026
3678.052589527976
3658.6927634053504
3680.4070274276796
3667.4202324750895
3676.937377463167
3671.451591868813
3685.4523817650397
3676.696644850648
3683.939596143193
3676.4869156806517
3680.014013200425
3677.045889511991
3680.991533505802
3675.576873456056
3667.2752457880056
3657.6432056894096
3660.7690821883198
3655.1966693280974
3664.997404628648
3662.272749150601
3678.664451584793
3677.861097677109
3683.1298591738137
3666.4700681484087
3672.6744041164907
3661.509517345005
3655.3033576450102
3664.092833599792
3681.469351267013
3674.63856338681
3672.4610274826678
3653.30819493217
3658.5669259033534
3665.647565055639
3681.583334511576
3683.807375579499
3682.8234722124266
3668.0630979744287
3667.124787905181
3668.522678416509
3672.756472052577
3674.7726076824156
3678.8413535803556
3677.9796402514553
3676.4741495572603
3673.5780632793903
3671.8610196832856
3669.287733954019
3673.8379450769953
3674.7033058697216
3684.3216679789703
3671.067696301123
3683.733514437022
3679.848053596341
3680.9094655697163
3653.7440668593813
3686.893129976323
3672.006006370369
3692.343352798373
3688.308345940824
3682.928336797425
3680.722533048632
3692.629678708716
3666.8083704182727
3670.6573566206944
3710.762133253881
3684.6435566616174
3682.745963606125
3665.439659617554
3665.280994941121
3674.377769723248
3688.5837294596886
3691.6503346714258
3698.82307228532
3685.6575516052544
3684.447505480968
3681.6517244583138
3684.3280510406653
3686.4727597703727
3682.116776096133
3670.709332980216
3673.078360735224
3661.8952366446083
3669.196547358369
3657.2064218962414
3657.249279596198
3666.151826929588
3660.7471974053633
3665.121418398733
3661.097353932663
3670.544285242088
3672.0862505745426
3679.440449513782
3684.9982725186987
3676.4741495572603
3698.8504282640147
3686.474583502286
3672.575922593188
3664.8980112393892
3667.2332999540063
3674.0148470725576
3682.6310684956043
3684.2970475981438
3689.561249765066
3675.850433243009
3674.449807133812
3662.734153324595
3672.970760552356
3665.891945131983
3657.1699472579817
3655.1045708664906
3659.851745036072
3663.739029608667
3659.9702876104175
3662.9703266073298
3674.641298984679
3688.496190327865
3697.9139419266808
3703.841982509941
3707.0544862747192
3697.1817135636047
3699.955609803303
3693.1622084273167
3684.785807750833
3687.133862588841
3701.912474145969
3703.2802730807316
3717.1844051855687
3703.8511011695055
3693.1412355103166
3693.9363826243925
3696.3820071197465
3701.458364899629
3688.02202003048
3679.905501151601
3665.239049107123
3682.704017772124
3693.087435418883
3698.7227670301036
3694.63943127686
3691.268262835649
3680.919496095237
3678.497580114752
3694.647638070469
3695.777439990583
3705.2243713000066
3708.073040548139
3682.708577101907
3679.682093992256
3696.4048037686603
3689.3205171525483
3707.692792444275
3720.199034037785
3699.063804897838
3678.2504644405385
3673.307239090308
3686.7919128551507
