3520.2923038307936
3542.4893330209056
3514.4916066719243
3511.432626114929
3507.9950548073607
3507.349896919237
3501.517309826735
3518.9472027839447
3512.89710999025
3511.175053574043
3526.3464850775176
3519.3094397223977
3514.7459084503857
3497.654539404054
3508.731794043355
3529.326149645733
3526.4437902596305
3526.160051619353
3518.908771325464
3522.226142113952
3517.0477075062386
3546.1125200960328
3533.7155128186696
3535.399955467001
3519.9300668923406
3503.6130508498786
3498.191762132188
3506.362944357812
3516.6404975844566
3544.732258353127
3531.3196793431293
3508.4922106958006
3506.4659733741664
3519.9079892459795
3506.1707870654045
3531.703176237337
3524.0103430162144
3550.0349819329504
3534.350040728915
3542.692937981797
3537.086851187152
3533.749855824121
3524.629334804946
3527.425836677421
3550.8812917101463
3551.1936495216332
3548.45193291976
3527.109390412904
3524.099471292267
3525.908202912709
3534.5446510931397
3528.523995161261
3525.764289366056
3525.3652563503333
3547.61870619226
3530.1888132350496
3546.5082823493303
3523.374179724757
3528.33674401249
3538.088522179486
3539.6535819993437
3546.4420494102446
3554.6999068401037
3577.896971641338
3545.8565829363592
3529.043228696062
3524.638329401613
3549.4143547630065
3526.511658579928
3533.372900454761
3512.0418056163885
3559.628128122385
3553.488907052638
3564.299594554387
3543.230978400536
3537.3566890871284
3518.1188822000813
3537.0426958944286
3519.4574417220815
3559.7949370060064
3561.6617246594733
3555.7612692466746
3527.0480636174548
3509.919080803247
3548.748754609733
3573.047248657232
3552.2656419060827
3556.4154217314644
3546.9800898289845
3553.1201285893376
3548.038999163737
3553.9558083886573
3539.4025509833064
3550.313814429592
3562.4189061606176
3543.0747994947924
3544.474685812241
3552.7734277723994
3575.625427137907
3558.543052688241
3548.5991172288373
3516.1171755966247
3536.825190193237
3527.0562405235146
3551.603312515233
3538.3207463115864
3558.2617671197827
3546.661190492649
3575.45780056368
3544.079741249551
3556.8120016753674
3555.6149026282037
3570.388936497169
3581.388510528901
3574.6253915267853
3552.805317706033
3542.7321871308836
3544.466508906181
3560.2234068835437
3556.4980084826684
3576.076792352412
3560.516957811093
3545.304641777318
3558.3680668985608
3530.7685558746944
3551.458581277973
3538.744310045487
3575.0285129955373
3553.252594467508
3561.1874641080017
3567.3642989456243
3539.0689332160637
3540.6724244944044
3531.37855306676
3552.673669518469
3569.0094924448686
3578.4767142809833
3551.4831119961527
3540.8564048807507
3538.1621143340253
3529.618065192071
3545.4395607273054
3544.2081186746896
3544.284981591652
3574.6392922670875
3533.042553449943
3556.319751930564
3536.021400327552
3550.787257290457
3522.6358051075513
3556.180744527546
3532.676228058461
3583.7728963359577
3586.080419226052
3564.389540521045
3555.4538175788234
3526.990825275036
3534.924877224924
3520.3887913222998
3506.1102779605617
3539.6102443972272
3560.100753292645
3552.5264852093915
3552.924700534507
3588.790245894292
3573.0717793754106
3568.7527375945892
3540.295469125044
3546.357827277829
3523.308764476278
3542.6406057830127
3523.81573265199
3537.909447936775
3560.248755292329
3577.5985145701534
3559.238907393936
3542.076399264882
3524.115825104387
3535.5757589472887
3535.073696915213
3545.4485553239715
3581.0483512368105
3564.288964576509
3567.4730517962207
3520.695425299545
3535.134206020057
3543.3143828423467
3541.2194595098085
3546.4894754653924
3533.696705934732
3517.9545263882783
3538.62574490762
3570.221309922941
3549.4707754148194
3574.057914246231
3557.462883397733
3541.581696448261
3543.526982399903
3512.9756082884255
3532.1741660263847
3515.041912449753
3541.805743674301
3581.7695543512905
3568.7044938488375
3565.593998783664
3551.689987719468
3530.307378372917
3517.4508289749897
3555.7171139539514
3566.8867676317277
3588.870379573679
3560.898819324089
3549.5321022102685
3541.781212956121
3526.493669386596
3556.637015885686
3543.7142335486737
3557.1317187023083
3557.566730104693
3572.1600543497357
3587.913681564674
3536.207016095111
3572.1780435430683
3525.2524150467084
3544.746159093429
3539.3755671933086
3545.478809876393
3572.765963088772
3556.040919433921
3565.034698409169
3546.0830832342167
3539.051761713339
3564.8556241664587
3572.064384548836
3560.794972617128
3565.8270406063702
3533.94364849774
3550.1380109493048
3569.7642208741954
3550.220597700509
3606.544762022079
3572.7880407351336
3582.4997520624365
3533.035194234489
3530.111950318087
3549.9237760105357
3550.197702363542
3584.7034282455706
3553.990969084713
3587.5849699410674
