3722.1156393931856
3749.902661840978
3768.723436501776
3757.2609179043047
3758.281405971482
3748.1938607697857
3755.273651668224
3756.8692487999797
3769.1068425448293
3766.350285304261
3751.7461508109136
3752.124599017203
3760.945416925796
3760.1736470029273
3757.934357398029
3739.2895859423375
3745.3422783245815
3751.969253465276
3746.706509740702
3747.7823603184056
3750.129069719849
3761.611419664375
3771.312253598509
3754.0945128246112
3755.296788239789
3741.776767385417
3754.1044284981385
3764.394418701016
3752.691445020509
3759.500207509203
3753.3871947796692
3759.2333106300953
3761.4701213166118
3758.0549980926094
3751.679220014605
3749.327552776399
3767.955798109544
3749.8167260037408
3761.071015457141
3752.941815777072
3759.20769514015
3763.3012156946393
3768.273925968543
3771.649386498435
3757.405521476577
3762.712885732024
3766.3527642226422
3765.414906768192
3731.10254483336
3742.597289369795
3751.5065220340057
3755.741340936258
3767.447619841274
3749.1408075916356
3753.660702107795
3767.4484461474012
3758.614407340771
3754.7753890734807
3738.022032343108
3749.9431508412135
3768.169811396506
3756.9931947190703
3761.238755600977
3755.750430303658
3750.4422397420835
3766.1379246295533
3759.0002923022053
3768.0756124979976
3772.4467719112486
3760.906580537815
3752.5327942440736
3751.3933180945705
3754.5539390313734
3749.0730504892
3730.029173174038
3736.998239051423
3740.826515339058
3750.1100646789214
3772.8351357910656
3760.609936638125
3766.1552770582252
3765.669409055391
3757.7690961725752
3753.7160646183215
3760.0959742269642
3762.522009016625
3760.111674043381
3743.7094974170977
3751.659388667552
3760.4256703717438
3749.336642143798
3740.943024503003
3744.087945623387
3751.335476665661
3760.5934105155798
3759.7910672660014
3756.090042121965
3757.265049434941
3755.215810239315
3746.6660207404657
3754.947260747953
3751.09089005199
3747.5691733375706
3748.151719157295
3770.681782023403
3762.3079957296623
3748.0352099933502
3757.4179160684857
3757.943446765429
3767.1484970232013
3770.3570437153858
3770.38926965435
3759.509296876603
3752.9872626140723
3754.1143441716663
3754.5688125416636
3755.430649832405
3757.038641556069
3752.945121001581
3758.4846772787896
3740.4100570509145
3737.8757761585816
3746.245430921686
3739.307764677138
3745.343930936836
3741.795772426344
3744.466393829677
3737.964190914199
3745.346409855217
3740.1621652127337
3744.706022606585
3748.860689814492
3748.217823647477
3743.317002006646
3738.173246364399
3749.66881720696
3757.334459149632
3757.1956397202503
3761.351959540412
3749.4671985119066
3756.931221759525
3767.020419573476
3761.762633685665
3778.1763785977296
3758.3326369513734
3744.3705423189135
3755.653752486768
3750.423234701157
3761.8196488084473
3762.0650617282454
3769.556353078063
3744.7332907087844
3713.9459507128804
3732.154432533373
3740.3431262546055
3725.3688066162426
3720.944763610846
3721.601676982024
3722.726279621237
3747.099005151155
3750.320772741375
3743.820222438153
3737.956754159054
3752.924463348399
3731.456203855832
3717.728780163516
3724.389633855429
3735.5307193693925
3740.0787082938796
3738.478979631488
3748.508683404275
3753.0062676549987
3741.079365014002
3739.8919631091167
3715.604347110309
3709.900355913773
3726.262869845948
3722.795689335928
3729.730876662094
3715.2630826797454
3720.6629932214473
3729.9134903162203
3734.502794547071
3734.1375672388176
3711.925632231708
3712.0528833753083
3717.660196754953
3721.3050330823353
3711.4934741271472
3729.872175009857
3725.5134101885146
3736.0752551072633
3722.09002390324
3725.8084014759497
3739.9555886809167
3724.590426244356
3729.991163092184
3723.8541874849593
3724.723461530845
3723.358403808598
3725.7315550061135
3723.6492635653963
3726.1314871717123
3728.1989051021374
3717.8130633884975
3721.0645779993
3741.6759580378894
3729.7060874782755
3730.4952098298177
3711.4761216984734
3707.972583718855
3713.966608366062
3719.0781380693456
3729.4929004974406
3718.955018456383
3727.749394568904
3723.3046939103247
3730.762933015053
3727.0966127283614
3714.885460779585
3725.407643004224
3739.931625803226
3734.2540764027626
3748.41365819964
3738.78388659245
3739.789501149336
3714.2335052451695
3712.1950080291967
3720.144072973522
3725.6100880054055
3717.870078511279
3721.3769217154077
3724.177273180721
3745.0753814454742
3742.1643049591053
3744.690322790167
3731.409930712704
3730.7397964434886
3711.7264924550373
3722.8518781525822
3705.5663802762483
3695.8200995051134
3718.5187288211855
3730.793506341761
3729.687908743476
3717.1999442420642
3710.4151446310607
3709.283105236703
3719.781324583652
3733.899591074165
