3361.7729039996525
3361.552978713234
3364.4787060891026
3371.090886011889
3392.938300017945
3386.1855121251533
3402.942196550525
3367.515297441321
3368.0443799951195
3391.196023056284
3350.40979709036
3375.223498463631
3373.3352055331184
3388.801180900498
3396.4057286115867
3364.1127648338343
3369.92185692794
3359.123885898089
3378.4836204348303
3362.7075864669273
3377.084751399911
3387.3193892166028
3391.028375092047
3377.079343401065
3376.2131622525103
3386.521709386768
3373.6696001284504
3385.3526803028176
3410.813538871367
3410.4836509417405
3380.0663614305245
3383.055182126265
3395.2565288567407
3382.8370595061306
3392.208220173689
3405.1252254181627
3397.6243310182954
3387.614125153727
3387.173373247751
3377.383994002741
3388.6623755967753
3405.1928254037416
3401.741620806639
3377.457001987168
3388.71735691838
3388.3306850008667
3386.745240005749
3382.0285636786034
3389.6907967107204
3381.9699770244347
3389.3230527891687
3396.6409765614026
3396.9366138316686
3383.402195385573
3390.133351282979
3385.802445540205
3390.38211922991
3410.2556136570533
3406.438467804681
3372.569072363221
3392.201910841702
3369.6325289896613
3391.78188959797
3414.9930206464433
3396.0118460289445
3359.67099511471
3377.52730597217
3381.4309798060826
3394.486790354279
3409.427288500423
3404.55107620731
3387.1129839273
3383.9060406114227
3374.8016745536165
3369.677595646713
3384.120557898995
3389.652940718796
3382.394504933872
3384.992147046395
3404.4420148972413
3392.8995426928795
3404.9611827864906
3382.0087343495
3378.8648843534966
3375.514629068193
3386.757858669724
3407.4470595895227
3411.83204532076
3394.1794357531785
3393.551206553863
3395.2033502014183
3401.176484927197
3403.605577742342
3405.048612101173
3390.9211164482617
3384.8199924164533
3391.257313709875
3374.1500106926333
3391.3474470239807
3406.297859834677
3386.478445395997
3406.3672624865376
3393.018518667499
3413.0948130513793
3407.864376833832
3398.283205544407
3393.054571993141
3407.974339477041
3402.1337007229968
3395.9325287125325
3385.7195228912274
3394.662550316785
3381.284963837232
3387.5456238350066
3404.943156123669
3389.661954050206
3387.7222851306537
3402.9710392110387
3404.394244240766
3390.5939325180584
3405.560569325293
3397.016832481223
3399.5360586104744
3387.1283065906982
3390.238807260482
3403.3252631354744
3381.7419397397475
3395.9911153667013
3398.2741922129962
3373.670501461592
3378.2177271582177
3372.474432383409
3383.735688647764
3390.35598056882
3388.415410316126
3377.1361273889515
3399.818175883625
3400.075957161968
3400.7348316880793
3390.0972979573357
3394.8301982810212
3389.609676728025
3391.1103964078834
3413.3426796651697
3405.661518637091
3409.323635189201
3404.0913963053717
3388.711948919533
3380.9199239151044
3384.2215072107924
3379.2659776012665
3403.5109377625317
3402.2094127068467
3412.959613080221
3415.492359206589
3394.102822436189
3393.169041302055
3397.373760405081
3389.840418012136
3391.3744870182127
3418.2504386182195
3407.388472935354
3405.728217289529
3400.3932264276186
3399.9596851867714
3415.9295057800005
3386.790306662803
3379.1902656174184
3403.966110998765
3398.5941654780713
3385.248125658455
3405.7498492849145
3398.081306920809
3410.6287655774504
3386.602829369462
3400.806938339364
3399.4107733038677
3399.8073598859332
3410.2646269884635
3426.259684909643
3412.895618427205
3406.123902538453
3397.6892270044514
3396.512987255373
3408.0653741242872
3403.9192416754304
3409.342563185164
3389.50241808424
3403.6064790754826
3406.6475770934057
3406.691742417318
3412.842439771884
3410.9811868356032
3433.2756620796226
3421.1283953376123
3411.9960879524324
3404.583524200388
3396.531915251335
3404.294196262109
3404.9647881190544
3397.4557817209165
3412.3908718682146
3419.2752543996003
3427.8613539012995
3402.08412740024
3396.9122778368605
3388.145911706951
3392.520081440495
3420.713782092725
3424.551658607343
3418.462251906368
3405.520009333945
3402.4158179961482
3400.6816530327565
3420.814731404524
3424.064037378031
3415.9051697851924
3409.3065098595207
3392.506561443379
3393.1059479821806
3402.358132675121
3405.244201392782
3406.0103345626794
3410.051912367175
3408.209587426856
3402.8818072300733
3399.739759900353
3389.503319417381
3406.3753744848077
3418.6776705270813
3406.0499932208863
3428.2471244856715
3401.8687087795274
3413.28319167786
3419.359078381719
3418.174726634371
3401.57217017612
3403.706527054141
3396.0749393488195
3400.057029166005
3398.3165548706256
3399.938954524527
3406.884627709504
3411.2236454505473
3418.219793291424
3420.853488729589
3410.703576228158
3402.6267299511555
3411.8906319749294
3411.0073254966937
