4384.644284347986
4385.010257321591
4398.904626270099
4404.5600476323325
4404.997848496606
4394.46663450512
4389.272096120019
4390.53994191115
4393.463018163812
4394.162618781819
4392.299193736549
4390.876302963654
4400.597061453012
4405.44020504105
4399.083360788742
4394.514621002904
4392.237540198256
4394.275599650019
4395.8037266348265
4394.207416303484
4392.094188128927
4394.908991049564
4405.7256943316615
4405.003011600797
4395.042776190538
4387.0528724535225
4385.920330363421
4395.252641190339
4396.449570226833
4393.607433225179
4393.2252116589725
4398.5345531843395
4401.943872367078
4398.442224732909
4394.618034942749
4394.456308296736
4401.246853301167
4401.634541683579
4393.01990233934
4387.770847648212
4391.376668502256
4395.626510676238
4401.103501231838
4397.755228163371
4392.588023859285
4396.627241753438
4402.943084884222
4399.7039962838135
4390.956482934636
4386.01311438287
4390.68709038062
4399.455408002572
4399.5591256544285
4392.8241599480625
4391.039548169722
4395.618310451931
4393.234474875316
4386.739897225888
4379.413148665524
4390.585650568849
4396.5976298323385
4393.6945985724215
4393.4564883555695
4395.985650129588
4392.303141992695
4390.992776519985
4392.617635780386
4396.215104554118
4396.918653428272
4396.752067390079
4391.4282995441745
4390.645481835073
4396.307736717561
4394.993422988703
4385.398553128025
4378.200426604442
4378.869807877327
4384.066016678489
4390.611617945815
4396.2073598978295
4395.54344544115
4391.416151063722
4389.2042164854965
4384.912006485938
4386.553418050956
4390.521567334467
4387.829615922396
4389.0707350565335
4396.131583751013
4397.859705095254
4394.389339798247
4386.935184049146
4384.583390089722
4387.198806074947
4388.663001681377
4392.940481648388
4390.4424503555265
4389.60648304445
4383.137113491958
4389.806781115894
4385.588524991087
4386.765409034836
4383.456618527835
4385.0477657549845
4391.3482714291995
4386.908912960171
4384.175656714565
4388.406820599854
4393.843113745942
4395.1439122902975
4396.8922304832895
4395.091825680361
4391.343563893024
4381.8609156205175
4381.280066398926
4384.896820885374
4386.310752153935
4388.548046685104
4392.301319720626
4388.170684511076
4385.278890595577
4382.877895290322
4380.956916818912
4384.819222466489
4385.776674582081
4384.229413740562
4387.430690195567
4389.068760928461
4385.159228063129
4384.9947680090145
4386.667917479213
4394.900638969254
4393.011398403024
4387.561590072432
4383.711736617322
4383.697310296783
4381.694025870313
4378.7256965279685
4380.634678374933
4383.9372427857015
4389.4713311994265
4394.660706480335
4395.770014601572
4389.771550522586
4381.020240773266
4381.07521264731
4383.526927858449
4385.467647610593
4390.323850815117
4392.642692021317
4388.169317807025
4374.493014082625
4368.176107959801
4378.898660518399
4380.63619693499
4379.2799709485735
4375.951591016845
4373.260398884803
4377.7088687141695
4384.722793902904
4392.288715672159
4391.858811320179
4383.427006606736
4378.686365822508
4371.430989584796
4365.620219528789
4371.3228681087785
4377.868773088114
4383.010010015234
4389.059953280133
4394.314474787464
4397.587579133138
4393.06485171701
4381.469886405981
4370.337930056164
4368.022429682088
4378.7226594078575
4385.802034535024
4386.02116275117
4375.589718155393
4367.558661440848
4373.326000679242
4378.9976706340785
4376.0410342041705
4366.073054137622
4365.690832571413
4367.786141737304
4369.892688247613
4378.411202740278
4383.763823227256
4384.950274199361
4379.151652623804
4376.6513434908575
4378.224116141324
4385.126579021915
4386.769661002993
4375.409768788703
4372.32041020986
4369.436512806656
4369.344336211228
4366.380714405059
4368.072086595934
4369.25048919974
4365.589240903637
4367.209392627864
4377.0224795686545
4384.062523990359
4380.258986616967
4373.173081681557
4364.097711216191
4360.283847634415
4363.065697801827
4369.920174184635
4380.1911069824455
4380.180628918055
4376.537451486624
4373.899408956559
4379.259925955828
4374.47190609784
4367.855843643895
4372.661478798539
4378.148491850512
4382.530448749407
4389.481353695798
4378.508238727885
4371.232969353437
4354.54581660511
4348.8137079600265
4364.170753954906
4369.648503790535
4370.950061614919
4371.427800608679
4375.757063473614
4378.9495322802895
4390.430909299097
4392.562208338325
4379.776388231027
4368.078464548171
4359.597458488899
4360.717700242542
4357.697588002274
4362.635034169818
4371.418992960351
4373.713537205648
4369.289060625173
4362.945427845356
4358.633324709059
4362.3662490398265
4367.296861687116
4378.358964274336
