4539.244118881221
4536.115549764961
4537.845297599051
4536.759937300784
4545.079325760043
4556.383093909367
4558.484346194008
4550.11426819148
4543.852402436787
4532.358482840169
4525.876918624618
4540.44083859061
4543.426531481279
4554.207645790664
4553.478031535713
4551.057146224335
4538.480886690837
4534.302282372527
4537.376353663769
4546.478672322453
4551.864239314855
4555.143563860324
4556.563002391958
4555.400819858425
4550.915977159528
4545.377553616952
4547.04558102271
4555.214870653061
4569.909716719157
4561.509829062944
4552.021823387198
4538.06026853774
4536.662103855872
4543.081028402666
4563.1665629435165
4560.041933429064
4558.13201447226
4543.202630778491
4545.225878947322
4538.78962015257
4554.196746225661
4556.832733795787
4558.888155379388
4547.257925560192
4544.946692499153
4541.144320153563
4552.719920827682
4559.225779254384
4557.947509787558
4544.099021510006
4543.356931849326
4548.661999644774
4553.730166051463
4553.48092057704
4554.267790378275
4546.955232821232
4555.869501153586
4562.036685144813
4560.94410224323
4547.187800647999
4540.833616890926
4536.157572184252
4550.915845839467
4562.454939536824
4553.557874132367
4541.269468171016
4540.348783228349
4544.228109129267
4558.870952451491
4565.846148773658
4554.52701617728
4548.374671352867
4542.063954535748
4541.465135060843
4542.668420773246
4550.252942175142
4548.26134214084
4552.1624671717655
4557.866485310361
4559.533724795756
4562.060060115544
4552.088665297884
4541.836245551212
4535.745752475194
4546.506380855174
4547.955891680614
4559.848236340141
4561.4575636789505
4553.038240653815
4540.322519216292
4535.255140729964
4543.482867787142
4557.957096151959
4562.240887838558
4555.601870870723
4543.427976001943
4532.517248793055
4538.980165560045
4551.098906003506
4557.036542529351
4555.539887802268
4552.80698602765
4546.916493403448
4556.27436089945
4558.02682710397
4550.2148593576585
4547.93094086916
4547.994368458279
4556.177578015017
4557.731488288387
4555.618811158501
4544.747479967699
4543.903485940239
4545.186745569356
4557.968127037022
4559.478307730315
4557.8567676259
4552.947629812216
4552.979146626685
4556.499574802841
4559.532542915213
4556.188346259963
4559.704440874128
4554.754462521696
4553.066737106897
4553.727014370016
4556.358799698213
4563.035111563169
4560.069379321663
4554.159845288719
4546.860288417645
4540.748652811921
4548.650706119589
4564.863086802355
4567.000058143393
4558.419342764167
4550.349593739513
4550.486560562391
4557.611199113164
4561.571286851158
4556.4487539395095
4550.32595612866
4553.659647179089
4559.795051715725
4573.249842452539
4576.629758164188
4563.418434819145
4550.89444066964
4540.243333219939
4546.287864274857
4550.455962988344
4564.424609121059
4565.324414174142
4563.2935494418125
4555.431417432472
4549.1109829308925
4545.603949400886
4557.55446884712
4556.563133712019
4557.813563326065
4561.811733881542
4559.730179605945
4562.747914591323
4555.530958038169
4554.579281561274
4560.224205672741
4558.4441622555605
4561.1715485876475
4564.417123877623
4556.611984774446
4551.288400850499
4560.9037869847225
4566.089353525308
4567.832889965729
4555.253610070844
4547.136848464608
4544.28483939531
4550.150381208058
4562.000572128234
4564.358817770855
4555.629710723504
4552.657281158924
4551.501270668224
4554.5837464433225
4556.182174217129
4564.379566340381
4567.058495570221
4562.969976813267
4554.809091666775
4553.254918753287
4549.845456028073
4561.758680577186
4563.914430686847
4568.6082036016605
4561.375619961331
4563.193220915754
4567.848517052903
4568.007939606091
4558.158541124438
4555.719664964799
4552.682100650318
4563.839315612363
4573.239205527656
4565.534920230779
4548.890890509852
4539.463160741778
4544.3569341084085
4560.8751592115805
4572.459164369555
4563.381271242084
4554.94881621092
4547.457006771587
4546.7650813739365
4556.014609820203
4579.6625949565005
4577.189706901248
4567.287517755361
4555.665955060144
4552.448482263068
4548.528184503341
4557.272393357625
4557.583884540623
4561.43471398846
4563.806485597292
4554.550522468071
4544.81694827959
4540.7858163889805
4543.9866115384
4554.56352315404
4562.930974755362
4560.8337933925895
4566.2184411445705
4556.330434565192
4557.598855027497
4560.945940724075
4570.520092359368
4572.868751637589
4568.055214827794
4559.239961820895
4555.075014788855
4552.230490962993
4550.797789105271
4562.474506225807
4572.398625821764
4569.997569839488
4558.642980826834
4552.026156949189
4550.800546826536
4559.504571742372
4560.415932960759
