4512.051063795311
4516.290034177848
4513.518416619491
4512.462890554961
4507.48738385228
4506.513108508849
4505.312240450439
4512.204032210665
4520.320304603483
4517.786866054268
4515.894486894807
4512.804172915967
4515.820862595184
4510.1265656684855
4510.392463786449
4513.848259348285
4519.30012406925
4518.447138159661
4515.18082983909
4513.349168727526
4513.864245500992
4513.002166550415
4516.334472749135
4527.072034200081
4526.457667285489
4516.549772493852
4507.490317091309
4496.673851510487
4505.802824678014
4519.969489215633
4521.9593985728025
4518.52633561344
4509.10007867034
4509.664140535587
4509.792469743099
4512.2810297351725
4516.872282125074
4524.124275638042
4523.0441103656685
4523.3645667295705
4517.162086141124
4515.191682823496
4514.412321213532
4513.305610127948
4521.168157344771
4525.2019476572395
4526.58364990178
4518.145894511399
4511.498441562278
4506.871550318174
4514.694498808108
4521.762578233966
4519.1998072944625
4515.860461322073
4512.8176658155
4515.7246523550375
4516.0194428774375
4519.40278743526
4518.599813251113
4520.328371010813
4517.406424952227
4516.571331800715
4523.952241169
4531.122250651112
4528.461802851949
4518.426898810362
4512.935142038606
4517.215324429499
4520.896392748748
4519.500610956872
4519.449132611916
4521.693647116789
4529.7147359031205
4533.996971561333
4527.418156405485
4518.230225133479
4516.627356666166
4513.644399235779
4514.768856417489
4525.872192775332
4538.113772538319
4536.246472572556
4520.9726569634995
4510.893167688674
4511.929774361468
4521.770791303247
4527.74198599427
4527.0075029414475
4518.930389289663
4518.429978711343
4520.876740047255
4525.882899097787
4527.252428400356
4524.736002637508
4526.090132435175
4521.804963537934
4520.218081223327
4522.71162772175
4540.945081510913
4544.7940777645645
4530.689597894358
4515.755451364841
4506.450190531679
4506.921855367519
4513.4532987130515
4519.688191592767
4521.771377951053
4530.635626296227
4527.393517197643
4523.1491203229025
4512.4815166227945
4509.634661483347
4511.885775776035
4527.372837862489
4530.716143707567
4527.8072505626615
4518.811006461189
4510.258561424783
4511.804378392985
4519.372868397166
4527.256828258899
4529.944701842982
4526.010788319445
4523.989199980764
4513.723450027607
4513.662585317758
4517.3649196199685
4519.241899274528
4514.21902076153
4523.151466914125
4538.069773952886
4538.789884134468
4526.034107569724
4513.1435486716055
4518.500083124132
4531.185755276087
4532.711039571087
4528.449776571932
4521.001696029884
4512.631551799121
4508.667719237488
4513.301503593309
4514.934584422618
4525.372222182865
4529.340307941088
4528.505508113479
4522.454529320871
4520.2805592146415
4512.6054459717625
4506.818898677606
4507.0752637687265
4519.961862794158
4535.944642276487
4551.74981413562
4552.017178873099
4534.393838801936
4518.07989663325
4502.8282269788615
4494.26522228195
4497.869586400596
4516.617823639322
4519.568808764293
4523.157920039989
4523.919975539683
4530.299623765473
4539.6257105957375
4538.8859477126625
4529.424785225119
4516.64304949497
4508.973069420391
4502.0957971933585
4501.785753828009
4512.33881454404
4534.005917940372
4543.728285363433
4538.473094319353
4524.8037604590745
4511.924494531216
4505.160738654599
4502.182034420806
4517.519061330935
4537.033313942045
4539.215643779505
4528.080628440151
4505.776718850657
4503.003194686931
4512.9641811049905
4522.1920044277895
4521.2123025921555
4513.814087113599
4505.419303674992
4510.023168992718
4523.225384537654
4539.850836691202
4539.838223763379
4532.305665937302
4525.5466032431295
4508.514164174328
4500.091661626899
4494.043762735272
4503.387302337759
4517.523461189478
4528.069188807937
4535.337315135565
4535.263690835941
4523.758354069194
4507.795227288359
4499.39017751315
4504.006949082604
4522.6710023611995
4540.738141497428
4530.139908900353
4522.552352842484
4509.065759773703
4511.326993741041
4509.826495315834
4510.521086317865
4515.796516711244
4525.597054954426
4529.270936838056
4529.181326385725
4529.892050202414
4522.280588246461
4514.096558032077
4514.477292458021
4511.454882962697
4521.056694261675
4526.421001797628
4532.746238439433
4528.346673220067
4517.910502079334
4511.50489468814
4514.498558440981
4516.247648873881
4521.374657372402
4522.430476760835
4521.807750115011
4522.965206235794
4521.911586776632
4523.587932881618
4534.755507174194
4541.643485723681
4532.830569061513
4515.392023049167
4506.676343260804
4502.563062170653
4512.537981474099
4523.196345471267
4530.040178773371
4534.942794486185
