4495.671419729763
4489.56594477411
4494.355206744845
4497.440862856715
4490.30080225969
4495.6749689086355
4503.539771831455
4502.109275286839
4505.7328094568575
4500.025552370714
4496.2064584448135
4497.993824925074
4504.332658391602
4498.699579143897
4504.797423364974
4500.592533695618
4501.643977936637
4498.151940843849
4497.914855695157
4497.015138850943
4497.525155854942
4499.966813460372
4502.85495776798
4505.8740667759885
4502.686726689417
4497.126228149657
4507.718929953985
4502.88086677375
4504.182350666346
4500.492801769296
4504.0845707884055
4501.150819532283
4499.324944461256
4496.1714990329165
4491.434587450553
4500.841153675646
4507.665692270894
4509.2628227635805
4513.9413503534915
4513.724140606486
4515.588524268282
4518.539666500879
4517.927965522181
4514.316321101385
4522.060629401479
4522.714743067706
4519.517642739234
4510.938567568297
4513.5630078856675
4507.702248813283
4519.324567408563
4518.194331396572
4512.260814157298
4510.325092000162
4503.623177534962
4482.529342741221
4517.4646202203585
4523.390684183999
4496.944865109265
4505.729082819041
4499.761138544703
4490.991649927248
4494.479073087501
4490.702391849128
4490.9504794523245
4497.77235616342
4507.773587308623
4510.0963474218215
4510.840610231412
4507.069607679236
4503.176335914897
4501.560749692073
4503.919001593998
4496.667674239312
4503.183611731586
4500.036022448388
4497.4303927790415
4501.7367889641555
4500.302743240667
4500.8335229410695
4502.381142388484
4495.656158260611
4500.6175554066685
4507.036422856777
4503.889543409353
4501.560039856298
4498.902592175412
4494.382357963222
4503.887768819917
4514.7198627392045
4503.7495283028275
4521.256917845771
4506.310438318379
4503.2803268558655
4491.662089816289
4498.830898762184
4497.016026145661
4501.797479922878
4494.357336252169
4495.213753114136
4493.085665462104
4494.927511838058
4496.681693495859
4496.3374231452135
4495.8373438420585
4499.587406238887
4493.38645837156
4492.196418695566
4489.596645171358
4490.641700890405
4487.598280007121
4498.315380530934
4491.450381296536
4496.726768067541
4495.268587927719
4492.83189917271
4489.3847591926615
4490.304883815393
4483.8941794766915
4486.5038907017415
4485.598672630276
4493.051415885982
4490.945688060848
4488.918574547741
4486.720745530861
4487.089860133615
4488.733484869533
4493.030120812748
4494.3000170133755
4496.528546427505
4491.4865829210385
4492.786292224197
4493.110509714212
4490.63797425259
4495.325907166512
4498.084328986325
4498.398963693385
4498.059307275273
4488.17484411498
4494.282803495844
4496.028644583294
4489.3347157705575
4487.331914132728
4494.212352295222
4493.813956966768
4501.053572031173
4497.541304618811
4499.9803003400875
4488.249021953418
4494.0102265584255
4494.971521656079
4503.6968229965705
4503.683158657909
4498.316977661427
4499.227519501202
4502.740674208281
4492.5579025637435
4491.943007324058
4516.170944521282
4501.17655107911
4501.180277716926
4492.2120350826035
4488.451147690214
4490.37267313186
4502.040598675653
4506.554266906929
4503.879783167455
4497.349294041802
4499.4626526015145
4499.829282779057
4495.829358189595
4495.072495795006
4491.918340530893
4488.979088047519
4488.675633253909
4491.280908005369
4491.040451136747
4487.274417434992
4485.532657903245
4492.1083990595225
4490.854119245933
4493.354870679593
4491.92011512033
4494.673568089721
4490.483052594799
4497.423116962353
4497.276358415969
4495.745242650314
4508.796993036548
4499.496902177634
4494.786431977871
4485.185370750558
4483.183278948502
4487.650807854435
4494.797079514489
4498.134017490542
4496.7617274794375
4495.2268850759665
4490.971951984505
4483.169969527731
4485.924309791841
4484.713684878385
4484.0075757416735
4486.6254500781315
4485.400983367071
4486.792793861975
4491.9470888797605
4489.151933058617
4493.4601038331675
4496.958529447925
4498.536139456812
4508.571620178136
4507.557264856336
4502.438639086219
4502.235803513649
4498.834980317888
4496.543985355601
4499.646322608172
4504.151827728041
4506.565624279321
4514.394935413415
4503.372250588665
4503.435071054712
4505.317555528759
4501.864736862514
4505.046220803944
4502.4585144879065
4498.449716951262
4494.713851269926
4496.08312447899
4497.712197581529
4508.176596569611
4506.649562359658
4504.633628760002
4502.27253751498
4499.060175717356
4500.649498016524
4507.755486496373
4506.793481562945
4503.279971937978
4496.04798760815
4497.265001043577
4501.444159166107
4498.2037588553885
4506.556751332139
4507.050797031211
4502.688323819911
4494.652805393316
4487.433953025316
4483.2198354908915
