3961.617133866082
3950.713922813476
3960.8179083317295
3969.637634137063
3964.2724537818513
3969.4512432210295
3973.6672030113427
3971.345241898963
3974.0575928264393
3971.6855251900065
3959.430671594552
3973.299978226125
3988.129141050085
3980.139451839944
3975.153779961985
3977.7372655914473
3985.300825319733
3980.2107682443866
3975.2802187798943
3969.484829895842
3972.587337882544
3984.410388571299
3984.2959541383916
3986.496725078197
3983.215745694621
3986.143622756587
3993.634504458437
3991.798921689831
3989.315637470648
3982.8605543888702
3981.9742257818775
3986.159362873565
3980.1333303600895
3978.3164087948408
3977.286987686101
3983.4094684211573
3993.768752236415
4004.580786988355
4014.446098798989
4008.207856922434
4004.73248563914
3990.3338572022576
3982.1612625954685
3981.9153734552806
3987.2181461377413
3999.862563264847
3995.701935368288
3981.9671441839428
3982.7041773447527
3980.284854443888
3985.2377775682708
3983.751927979782
3968.3102040256513
3966.444636479579
3965.947760845202
3952.552135723669
3979.952339380631
3997.0095812291133
3972.1724039589476
3960.474546844044
3943.9262897550593
3920.0186987738757
3924.551596439554
3931.602726621161
3941.625649082109
3945.0244844102026
3959.709268756129
3961.8828538080506
3965.0299985553856
3967.1001992602614
3965.411136323852
3962.915713885093
3968.5129984129535
3957.726700643459
3958.8082707091694
3958.3337745535687
3963.1190377920543
3963.328791580438
3967.74251241198
3968.868608679292
3968.4400992684723
3964.119131658778
3969.973337955982
3972.167219321481
3964.8228574518494
3962.172134464875
3966.032652736876
3965.079278796009
3969.1206542127693
3978.580476169965
3974.4879526466016
3988.006368137475
3971.028548417287
3960.922881237749
3949.8956985796362
3951.110323549395
3960.932174016585
3962.231074074929
3953.041196579072
3949.614762221428
3954.517962868961
3967.5955445246855
3969.6258334134986
3966.3453079038813
3953.949072562505
3952.724567105225
3957.6939984410383
3957.097672034117
3952.567189210774
3957.431915309832
3958.0736582096088
3958.205770452323
3950.509190733365
3951.3309703134014
3951.8843183453996
3955.354167495229
3955.9097208892713
3953.556489023139
3952.569516769671
3948.935371056578
3950.578034106494
3946.953297550229
3949.713741663288
3950.606284852524
3952.5151449939726
3955.154206910891
3957.6367695867657
3959.409263871655
3955.9988140247297
3958.557249301628
3959.9404826374766
3961.7954016015997
3961.827772126867
3959.2867935417066
3954.529670490163
3956.966659563051
3961.909033026686
3960.475501143197
3956.495916596065
3961.44352124837
3963.753501251419
3958.360512386321
3952.848818017761
3961.330477531944
3966.6335935292877
3963.79140554796
3955.46640238498
3961.417632974613
3954.1136251572334
3963.1608291119755
3973.0727037381457
3971.441626112642
3969.1394026996613
3961.2870452829975
3956.774484663134
3965.0409788144593
3956.937541801268
3954.483107674571
3976.892774855517
3959.738950950884
3950.8458721270417
3953.210497393921
3952.962961505796
3960.476106308491
3971.2812922183984
3972.271505597657
3962.8367689063843
3962.4863374585375
3969.2260286226906
3981.0628410034287
3975.553148335493
3961.604087898525
3952.593339334938
3953.132390336425
3952.870365394191
3950.17254425306
3948.1176239723163
3949.320122360231
3949.687242405293
3961.258777080235
3963.9231977512877
3962.438046430456
3956.833872328251
3959.796179805111
3963.686624665536
3970.0527717220534
3961.6676826263374
3959.565972592918
3969.408090279176
3958.6133318331135
3950.802154752136
3942.0390642735456
3949.2084228090525
3954.0841757183252
3962.1037275090525
3962.054755669962
3957.3436019066
3955.903314283393
3951.6767466434167
3945.719970644769
3944.6555721447694
3945.8130380870343
3944.457613261029
3949.263120442981
3944.914990221017
3942.4609692360054
3944.526863956975
3952.954343719016
3958.891539128525
3960.5751090259423
3966.00746273081
3972.571655954517
3973.2259909478607
3965.8873315975093
3960.320613736733
3958.546187577987
3958.069619894939
3966.183053773548
3976.9565499691807
3976.634997708274
3973.7952943960663
3965.3176033698014
3966.5952295398793
3971.608436439519
3968.9626769719207
3963.9104194529773
3961.1011780677272
3959.4755120165973
3957.205094695883
3960.8299127166997
3966.93348785466
3975.736269031301
3969.437231316506
3968.875667001653
3979.244557816239
3981.008090999369
3980.567961250799
3983.84007263498
3975.212638107481
3968.048958815675
3967.5285166475032
3970.9306280146907
3981.335974220455
3991.5172230560815
3984.5178519653027
3978.0861724881843
3969.558811355197
3961.735269117627
3951.4169328821886
3952.206114999931
