3941.570622494051
3940.8106006999933
3942.983699214512
3947.515469576244
3950.2351340471587
3948.0718041728887
3959.581127732267
3942.824805934509
3939.4385204087534
3940.9022953957347
3932.8388352764864
3942.827180007023
3949.73745240149
3947.4369247754657
3950.824556636736
3944.141254821584
3937.634662107436
3928.110253277922
3934.572622468675
3941.8098231437752
3943.836767178501
3952.8576105679854
3952.1628706285996
3952.461202126982
3948.977070899477
3953.226028591593
3947.4963176971137
3963.634280969811
3971.787277537125
3958.1152613004297
3948.452256996841
3951.7422075942823
3946.9725520862103
3954.434374961549
3955.472199207295
3955.8538698996413
3948.634207556548
3941.2434475565333
3939.716821312884
3949.6964868044106
3956.620094086501
3955.970394721472
3951.855731424039
3951.476825344291
3952.224709564317
3952.563256411823
3960.4086564316217
3959.265925930883
3949.1346024278832
3947.949349308471
3956.9304141371526
3960.39229485849
3957.271715319821
3957.0359473116896
3954.970529942091
3953.100922165747
3964.171612709181
3963.4336564286345
3956.3533500850335
3953.287893220721
3952.7882023492266
3946.969402072271
3952.3310392350563
3959.724435380493
3953.653305113595
3946.442532695617
3946.014577867221
3948.221226856323
3957.2163665432768
3957.733513527831
3959.1011437178418
3959.9976644025096
3949.9782100727853
3945.485113454586
3942.4541628603247
3948.189166600396
3953.768195833608
3959.8754202241857
3964.6215816642875
3970.3589748929016
3963.44995633757
3960.256833982266
3954.712742668578
3952.493031142171
3948.734617462123
3959.6178847463316
3964.3231525308665
3958.457775212779
3954.474148383733
3957.6825172175672
3954.2205953867515
3958.996710221847
3962.24556161645
3950.8874335868
3946.551894190509
3946.291193282635
3951.942266880024
3950.574580164506
3952.770386528227
3956.209168860312
3950.236244003133
3950.329377530695
3960.7243566854427
3967.4377198080574
3960.429884339489
3953.604158729933
3951.35384119538
3951.659166444088
3953.4723257653163
3954.122389977017
3947.968341888389
3952.2323764823896
3955.1502708672297
3954.47917915637
3953.704147263357
3952.0222350965723
3962.993101544552
3971.063298479866
3971.687700098532
3969.264964264999
3970.8037948856254
3967.525796869585
3963.738657940262
3953.584282296167
3952.407143160456
3951.561706143756
3961.725434194535
3968.302283010503
3959.914057996965
3951.0651652861493
3956.762774815204
3955.314559766513
3964.795700867995
3968.166616586879
3962.470461305665
3953.903194228137
3958.2225467666
3976.3311700568324
3977.840237413732
3970.5321742719952
3961.0748252822073
3960.82177587634
3960.536476083208
3970.7751158844208
3985.011919854647
3976.046738701443
3964.9949636576257
3956.601882586752
3955.568477610132
3950.7286430806103
3959.187776808849
3958.6220538346415
3959.446201279277
3962.310005865402
3967.0746717103248
3963.709023143614
3960.853944044693
3955.335957251013
3954.937883876048
3965.6685167986175
3971.961186054807
3971.6879056458893
3970.658221077237
3972.442346828042
3970.3459945744926
3974.538493534151
3973.953125367036
3965.912424483785
3965.7797179427703
3967.404349187441
3967.8728174086586
3982.650483394908
3988.618505946551
3967.957230587749
3963.8962100234194
3959.731927583286
3967.6640840225177
3964.680892366986
3967.732094518981
3972.56207305069
3969.429921193303
3967.285147110695
3966.636367570249
3970.216268470787
3963.9038769415165
3970.825675406476
3972.587566067146
3971.3279458978996
3971.023982400664
3972.704558509338
3978.513739167883
3974.492029544091
3973.6564125544655
3979.695878244181
3986.694916283923
3989.8955308420673
3978.2280488347087
3968.517943344061
3972.172298652044
3978.5111544092897
3973.00237100053
3974.752524904563
3976.611624070039
3980.493227446333
3975.6650217609636
3973.252116231955
3964.609151185134
3972.9102446552333
3978.949581877831
3973.392058041523
3965.5214836037208
3964.164264389573
3960.72031254032
3974.728403917039
3981.809311486769
3972.975613867514
3972.9646530524046
3971.424707337084
3958.9859087059417
3959.2724006740455
3966.414674420438
3972.3572861746393
3970.2688063865785
3966.974832198785
3963.259783881777
3961.234381452556
3956.2407255251337
3958.0965616255608
3962.070692164659
3968.248635138722
3972.448975731728
3970.1956469277643
3971.6318323148134
3984.498092460615
3993.762766455036
3986.765891801631
3979.492427426255
3971.2233582413814
3967.0830323508894
3964.2178917066217
3964.088073106551
3968.3946560126756
3969.1786292177376
3974.0871422727973
3975.055537745034
3977.145389561944
3974.5916378147913
3970.060890051391
3966.432521073611
3975.3520861196944
