4107.320502996276
4104.924978489947
4104.616390513407
4099.663102145136
4100.775733321582
4095.0840078579454
4101.306616740596
4114.206910977799
4113.792692826848
4109.823645892174
4109.852015424473
4121.317257926381
4112.739942894226
4105.297434131648
4104.340478203496
4110.448435010813
4109.947070092655
4105.337228407805
4108.6170690519775
4105.6689256388645
4106.983145846202
4101.4488890209095
4110.956314081132
4117.363562210716
4103.795792175264
4095.451722755474
4083.4514006015665
4087.8284712480213
4102.497342810237
4109.923676093755
4105.316686848232
4098.435544140007
4106.8148818989475
4107.289031248877
4106.864152667934
4104.768968542116
4120.417170946231
4121.1176571106425
4123.991507217827
4119.4515078346285
4121.463131973343
4118.120367816429
4108.567128883919
4110.858426955684
4107.223440130881
4117.098245389097
4115.655345699012
4112.3526605626375
4110.140376558913
4116.6782923863975
4124.065370909427
4118.363919177188
4102.940624870135
4105.052878672281
4110.214764779635
4113.366410506061
4107.737678492381
4116.700732241845
4117.460350322763
4123.46649352948
4121.613936594062
4121.0334926661635
4133.976578488801
4133.995536469974
4121.193419098116
4107.405851377919
4119.451697664219
4130.358126820172
4120.1340151389
4116.83888821742
4116.745876715061
4131.614658814972
4142.987968845861
4123.399248895867
4112.5402521592105
4115.710176476706
4121.2921254880985
4118.3399057343695
4119.539738628694
4133.7069605283705
4133.760022893591
4113.026360773152
4106.3878102867175
4103.937405047537
4130.780662504365
4131.162869392244
4126.7829712840385
4114.838918616279
4120.478101248302
4127.683947465942
4130.663912312538
4128.771046562871
4122.880894229628
4129.769150551869
4137.680293615309
4130.8634381955435
4137.621191671897
4157.589615756525
4151.005906038815
4122.8224167256485
4114.078970831341
4105.055855999495
4121.44890474531
4118.404547704428
4119.405998688786
4110.342325266917
4126.22023645845
4132.642576040241
4130.0455674088425
4117.72926891103
4124.325017820999
4124.558448267436
4127.297644255385
4135.694985852046
4127.886940236677
4116.069938513622
4113.016994181664
4113.6120849608915
4126.111444122752
4132.090092012376
4134.87827402493
4132.9413378378695
4136.6929999217655
4127.909894630218
4125.581469887552
4144.035448509672
4144.014017748346
4140.810138912267
4136.965340438123
4159.942208802989
4171.34132067123
4146.774309798085
4138.047384073406
4139.023942404224
4164.579211105397
4160.851742302874
4132.7870513428725
4117.138269458965
4108.831916180901
4105.867961961356
4107.03259145823
4113.069551999823
4119.323702567092
4134.940747941279
4141.545418841861
4126.906665242356
4133.876643202015
4134.135041234723
4130.374342263357
4125.9674983447585
4139.804691515539
4153.391279657731
4169.443539334348
4163.666450502524
4136.740312448692
4120.095979284185
4105.968786449894
4106.782660824228
4119.4421662207205
4136.922059292176
4138.340211198667
4139.243040716805
4137.563043871936
4142.454213005458
4159.482656349234
4160.185305571841
4132.899905032639
4106.42640064365
4103.228541403699
4109.800486682499
4106.439633764104
4116.89308456465
4131.651685575565
4161.379348663746
4158.630046748021
4142.859843865332
4132.032548669787
4126.031156198272
4122.024238260891
4128.6208663815805
4142.617586343076
4151.006560451339
4129.878922008596
4124.210345763604
4118.217385722187
4135.425527748107
4160.31949510814
4149.451176739633
4133.156974258235
4124.5779907239175
4130.181185662563
4145.135406063395
4165.764217309834
4157.195184842313
4135.538116675555
4129.411012057478
4119.7747926176535
4116.65044738322
4114.019923838598
4128.2880301729965
4141.210899144566
4150.270071607005
4153.9373644302905
4148.8571150365915
4130.799135920537
4108.876790896283
4110.3726280637
4121.3933995730295
4126.322224902091
4143.691752050478
4142.4621508795235
4128.045083269609
4119.113076648731
4130.244279022829
4129.8808053179255
4127.342763751023
4122.980759579198
4127.640966050921
4153.329020548546
4154.456668244467
4154.373572840298
4141.5137372828085
4133.502299255471
4127.638003710252
4129.5760988569
4137.506329784914
4133.139594859948
4148.710616550197
4142.067410243354
4123.293438882899
4118.123619896994
4126.7621100114775
4132.648950317968
4130.519137278979
4123.2890178517155
4121.63484782178
4126.00987530241
4124.161959200855
4133.144020886646
4143.877240535039
4150.5228097206955
4145.121393642528
4133.428240738767
4134.819956377444
4122.557039957842
4139.8870276013595
4154.135271766288
4151.811043256608
4149.761992716069
4141.735178492141
