4028.358650812221
4025.352161179179
4061.142340707047
4054.446884015921
4035.519937463729
4019.7074021842964
4018.339271952077
4032.0151793412056
4037.122682953177
4028.6866204706453
4024.402289912449
4030.919001531344
4045.942838023108
4041.4413912753785
4024.551863744765
4013.4803442505513
4019.5498508357878
4027.133141657751
4020.195285197672
4013.438232523657
4013.181449329843
4031.105310538775
4036.0605888053087
4019.614015615712
4001.3380362187672
4006.5849533587866
4028.826213217082
4037.2681853112263
4027.0161580008053
4021.8686978779424
4029.3875344133294
4041.33626360438
4033.2984243901506
4017.794976503124
4011.855063197059
4030.942033392464
4037.585718944831
4023.349317521276
4012.866709665013
4019.880200882144
4041.1226904245455
4046.098583401592
4044.9406855345333
4034.784273534204
4037.5059759507867
4056.910282180052
4056.188817861645
4039.262840067215
4027.876332759709
4033.5749307978117
4046.0644216187734
4035.009353453937
4021.7079895285606
4011.793255828293
4023.364776256432
4029.4339611676282
4013.339133943233
4004.2897034050648
4003.7272517543306
4025.769887084861
4032.085910866756
4030.826975184432
4031.6829084413703
4037.626691026569
4040.043028278872
4042.7936262147937
4038.655717083313
4039.618239330401
4037.264780161778
4024.5611922918506
4017.1927383692628
4032.018317960711
4034.846397981658
4016.5246535598
4004.1774253797935
4003.461535213007
4016.2892249267616
4022.975697721477
4030.30710398565
4032.025799179777
4039.780280329322
4040.41502132706
4034.899892374151
4030.8686687351033
4036.4431051898932
4031.034583608557
4022.189360940337
4027.834524325439
4040.2323334502253
4033.054089981641
4017.3780869499055
4012.321504338103
4026.1474083311277
4031.5446483444452
4020.9398778793793
4030.4886935754325
4035.824866070339
4029.048388879776
4029.171590036292
4042.961098909617
4040.638607760185
4032.506637531746
4025.1478614022963
4030.059929654909
4037.6217326510387
4026.668138859132
4028.1883427904577
4046.485851371237
4046.0046545825203
4040.676234431944
4046.217120284608
4047.105740219124
4042.274582177761
4033.629909486237
4036.466752827029
4049.5194397443415
4049.986841312204
4047.7619920192974
4044.7315790284883
4034.764182692871
4037.503200363417
4047.118745040961
4046.019414825495
4033.215892022665
4030.0872305900043
4031.59842305295
4038.460033575309
4033.988134885633
4030.493160249207
4041.5522493395342
4054.8870076253747
4045.782281320077
4020.3098838713563
4003.2687100085886
4012.912346020335
4013.818285804181
4011.381802566346
4016.534662217715
4022.836196881924
4017.5046151350734
4024.503906741044
4031.620034952945
4031.160891217205
4025.030772052517
4019.6493859738666
4021.517990460349
4026.1762670876906
4025.0410196682287
4023.499736896739
4021.052702750452
4016.833694998751
4008.8092971639308
4009.0334763962983
4022.316045367173
4022.2931467710414
4008.098103438053
4000.593829545904
4018.9181427647504
4036.842293480329
4048.792231246746
4041.745290525052
4026.579145438835
4026.592825776169
4039.19497603586
4033.1077865692
4028.366306654345
4045.9032721164704
4050.4897740752112
4052.762879069131
4059.008084013951
4062.196213785531
4058.1203969341414
4043.673083034537
4018.4774539280543
4012.787320512467
4033.063271477704
4039.5113332615992
4021.3973810775146
4000.8771094897065
3991.059815450927
3996.356808048009
4005.387985882161
3995.406913804597
3979.410771579656
3971.715804722438
3986.8234786592493
4003.5375835508576
4014.582468434758
4033.0701185393764
4050.8602322786733
4046.040792363045
4031.9932733391865
4032.0861360385793
4048.2765647871497
4051.078841954933
4027.747649358462
4011.306944422357
4006.196113781748
4004.728402458017
3993.415484979735
3986.615438272846
3979.011174303651
3979.988943900172
3982.179079968991
3998.139304989939
4028.54364095613
4035.8723038002254
4019.081741585074
4011.988783094624
4014.8639883620585
4023.983291096673
4031.4709022736133
4040.555569904963
4039.581081383642
4032.501003640717
4028.446665424365
4033.6464756992073
4038.674985358153
4025.119632207795
4017.316215246406
4025.425194971793
4033.7179516704737
4030.113217256964
4029.692793884647
4010.862620669101
4000.784311125152
4000.293280301549
4005.4051586804853
4012.6038789993154
4014.94382326296
4011.973724154283
4022.7778819741634
4031.122019207359
4040.018254782633
4040.1526685770614
4017.5454861192657
3984.8206258106334
3970.575010723545
3964.238363040401
3958.556400145399
3954.9541564079773
3972.133254907564
3985.9955861877424
3983.4473763658752
3976.572999979499
3981.421459488744
3998.481501831524
4011.3880981867824
4023.989389117346
4026.78259507716
