3927.3815741839508
3935.0439737203214
3932.839791855216
3930.363100929558
3918.297451774031
3939.857082811247
3934.63338366126
3932.2049114969873
3926.640758668135
3928.150152016928
3921.7056414991607
3918.963016798596
3917.815264160186
3932.410206526518
3940.6256606442244
3907.6557172539333
3915.8426784671838
3914.649629416565
3914.949900794277
3931.421721918136
3932.9603387586767
3929.4381774157287
3933.867728177458
3900.066376446933
3916.880112424245
3935.0622384026647
3934.914659769337
3942.4404394817852
3929.604751318693
3902.75201533859
3917.358647101621
3906.781204263369
3926.079667626569
3923.625624907017
3918.7935205464564
3926.3814001788696
3923.174852546801
3911.110664565861
3912.850923499465
3926.2798485450453
3925.355655618509
3933.9459010178853
3920.776334461569
3922.390201793363
3918.9060309896868
3921.243910329541
3926.0526358967027
3940.9281237838172
3926.7744561428826
3924.124616028617
3911.6352262427413
3934.008731525143
3940.933237894873
3935.332555701336
3921.899977719287
3920.365744402508
3916.320482557267
3917.2651319280267
3922.759878963977
3928.5651255997523
3928.359099982927
3935.464061414202
3932.076328133295
3917.097096850475
3918.665667770058
3923.483890972038
3905.900115987162
3927.301209581643
3921.6084733890993
3933.4089193570117
3936.820762018611
3929.5229255417985
3926.2973826400935
3929.235804735372
3911.267010246713
3923.9171292372052
3928.570970298101
3933.846541145941
3929.329319908967
3913.685254188875
3925.612822345893
3912.840695277353
3930.7145134178295
3938.23664019381
3932.323997225861
3934.285624109457
3927.85864768674
3920.1209976591167
3931.223002174248
3931.4531371717653
3926.5896175575763
3920.8209002864855
3932.6973273329436
3936.7360138925415
3929.0933402131
3922.3945853171253
3917.932158127179
3929.304479940981
3933.0480092339217
3917.989874523381
3925.0765712723132
3912.135678538929
3911.1764174222944
3929.8801827284196
3925.6581187581023
3926.1388451973603
3917.877364080151
3915.752085642765
3923.312933545312
3929.502469097575
3935.094384243588
3935.2361181785664
3926.751807936778
3936.1398546608784
3929.050235562771
3925.598210600018
3930.8146038770674
3920.720809827248
3927.285867248475
3915.993179449688
3920.6470205105843
3931.245650380353
3940.196075315525
3931.371311394871
3932.3824442093573
3927.1806626781818
3929.731142920504
3927.077649869769
3935.1973970520003
3931.887836611519
3919.286666969705
3920.0990800403056
3920.2977997841936
3930.688212275257
3940.587670104951
3925.363692078739
3929.661737127602
3919.643924156328
3923.163163150102
3922.895768200606
3921.4448218353086
3948.8929864597817
3940.5818254066007
3933.8027059083183
3917.1650414687892
3921.9737670359523
3925.522960108767
3938.469697540502
3938.863484091809
3925.494467204313
3935.024247863392
3922.1564138593767
3931.735143867135
3942.7092956058677
3950.820275740574
3937.047974666953
3939.239005960773
3931.7124956610296
3936.4401260385907
3944.417408698549
3923.2099207368988
3934.8635186587767
3927.37353772372
3942.7319438119735
3933.160519677152
3937.4644094243654
3937.7018502948185
3934.535484963904
3946.8020456252
3943.968828100215
3927.684767910838
3927.963852257033
3924.956024368853
3929.022473245611
3922.2660019534333
3921.089756410569
3934.775117596239
3930.1249294718095
3935.812551553299
3929.9167120931047
3915.0229595236483
3921.084642299513
3946.734101006885
3946.059768934797
3944.640237823129
3951.954877807696
3924.560046055665
3929.5295008274416
3938.721019569536
3947.0979334791496
3945.4285415130357
3959.076642746728
3953.0032705741614
3949.9377262897774
3918.0833896969757
3927.717644339056
3938.760471283396
3938.081025100251
3947.885506581763
3950.295714063694
3926.244780354946
3945.4628791158398
3934.926349166036
3941.668939299633
3942.201537436744
3934.211834792793
3935.23684876586
3927.203310884287
3925.609169409424
3939.20905188173
3936.5855129100382
3937.6770103268327
3914.518854290992
3918.2119730606673
3923.9485444908337
3921.840069561203
3930.1483082652094
3924.500137897581
3935.326711002985
3930.4661137379708
3934.16799955517
3930.0905918690064
3925.0531924789148
3924.7923728150627
3921.235143282016
3931.724185057729
3925.652274059753
3925.642045837641
3927.8411135916913
3925.533918918173
3945.799679858237
3941.5593512055775
3939.379278721164
3928.061020367096
3919.3188128106294
3924.575388388832
3944.60297787115
3954.235771338642
3956.9279855159416
3941.4351513656484
3931.987927070757
3925.25921809574
3929.128408403198
3927.768054862321
3936.3714508329826
3947.3594837302962
3942.39806541875
3931.017707144717
3940.286668139945
3939.119920231899
