3900.0515683162816
3915.894292713299
3911.561302854632
3877.025784462038
3884.455120243513
3875.621798921241
3877.907748392464
3879.3527799873023
3886.253779380861
3877.0215746103413
3900.9556339681153
3907.7619116985015
3915.705901849879
3898.670736959816
3887.518839815672
3887.077857850459
3893.3010711208753
3885.7096560490827
3901.507124540362
3895.0113233725956
3888.3218690267877
3887.785112935479
3871.9897493700482
3880.6620438649265
3888.942822152029
3906.6568256281603
3915.524878226928
3881.1345997178637
3879.079139627027
3890.656231792521
3883.868898394769
3900.156814608696
3895.5891255179454
3901.598688814761
3909.169054628071
3909.9720838391872
3906.9399381547523
3910.3688623615863
3898.7012583846163
3890.7393763635278
3915.6385442227343
3913.995649598159
3919.475824044134
3912.0759572245342
3909.5689905392433
3881.662936105779
3894.896604913865
3891.7623703257877
3884.3930249309888
3911.649709740259
3910.624610852151
3910.510944856344
3909.6047742786627
3899.354837860504
3913.586241520669
3903.0542450388416
3918.555971448439
3927.374558289773
3915.843774492941
3921.8628099560738
3910.3320261592407
3902.250163364802
3920.3851520105873
3915.723793719589
3915.277549439756
3911.4139580452534
3881.540850406581
3902.451183783312
3896.737362568179
3880.934631762279
3900.743036457439
3904.5119061887694
3915.5627668921975
3901.495547448197
3900.536753724309
3913.168413739787
3891.7665801774847
3896.12693407218
3888.5649879622633
3914.128259926599
3921.142925315965
3924.697092610772
3928.838534217247
3923.8077614398767
3935.515359007964
3905.741182884161
3887.067333221218
3882.520693388951
3898.3213192690027
3894.240920512129
3889.179626309959
3914.9197120455487
3900.6556820347355
3894.0988380173712
3904.374033545708
3898.016105021004
3894.1830350513014
3892.894820432158
3891.853934600188
3913.0610625215254
3913.0315935596495
3887.638820589024
3902.1954352927473
3896.151140719435
3908.612301741203
3910.3478131031043
3904.341407195061
3921.433405083026
3909.640558018084
3906.7747014756624
3901.234536643011
3900.7009379404735
3907.8029577525426
3901.167179015866
3910.4656889506073
3918.3791576771837
3920.316741920519
3899.8063444549584
3902.4185574326643
3897.061521148812
3896.781566010992
3902.2164845512293
3918.672794833018
3910.1552123879865
3904.833959843556
3925.393823066549
3905.9664099499255
3905.365453620245
3911.3708070653634
3903.023723614042
3904.9549930798307
3928.7069763517293
3930.237257443423
3915.9427060078096
3899.8968562664336
3903.075294297325
3894.060949352101
3883.8025932305486
3900.6746263673695
3904.6739854790867
3907.280936142171
3918.761201718645
3915.911132120085
3917.563498910979
3917.987641469405
3918.941172878673
3912.346440196037
3910.571987705944
3908.301825178584
3910.3520229548
3899.276955604118
3906.5526317986687
3915.403844990652
3907.3640807131774
3894.389317784431
3899.9252727653857
3896.343741434552
3899.783190270628
3910.728804681641
3903.3626166756135
3914.015646393717
3907.2072637374818
3921.3649949929577
3917.773991495806
3900.4799207264055
3922.463766285755
3915.015486171646
3894.973434707327
3899.1643420712358
3905.5654215758295
3913.226299200616
3930.8518957911187
3917.686637073103
3927.519798173304
3914.966020414212
3905.458070357568
3897.494083410632
3883.254260047074
3892.042325463608
3922.68899335152
3903.9709402457643
3900.380989211537
3895.920651339049
3904.3824532491008
3900.337838231647
3890.580454461984
3921.012419913372
3909.254304124926
3893.117942572075
3903.1963275335997
3891.123525330837
3878.0908769412626
3887.8314213041413
3902.140707220692
3892.954810818834
3880.7725524719613
3905.8401143990295
3890.5667724439695
3889.756375992385
3901.393458544555
3890.355227396218
3878.3897764117187
3886.2958778978254
3918.0897303730467
3907.668242498253
3916.877293084442
3897.4614570599842
3890.4288998009083
3883.303725804508
3882.6290970701366
3884.50774338972
3881.6692508833253
3891.9654956701465
3893.3284351569023
3894.7271583830793
3900.540963576005
3879.797971804212
3862.418651537956
3870.4531535008086
3896.178504755462
3886.026447389248
3883.5352676478174
3892.426474430918
3899.0517285383535
3910.506735004648
3901.3197861398658
3881.354564469008
3881.2103770484014
3897.0488915937226
3883.0385051476255
3885.0192403708497
3919.032737153073
3896.6826344961232
3895.858556026525
3885.3518186548768
3855.917588055569
3865.047703922448
3891.8834035620644
3883.257417435846
3885.1223817374153
3887.3809671726094
3904.717136458976
3898.179236774245
3877.1468176983135
3857.1626516948218
3847.36001201942
3857.637312473608
3861.3756607801374
3867.825153579242
3868.734481545696
