3835.8538224417716
3828.5795447679707
3819.7345218308037
3835.4828526756014
3825.5116350213066
3816.0657023802632
3821.522943568533
3814.6962823068025
3827.8825712678963
3818.5929977844935
3819.166314695845
3809.2819632402393
3814.071867631516
3848.8111934204353
3839.562498148182
3841.3713589914837
3811.4669036261043
3815.867443056195
3811.816412331421
3796.531027227873
3810.8036546502253
3792.4881721453276
3830.138026567991
3830.839087889181
3823.0354373810105
3836.2043531023664
3833.341856366722
3822.416132482118
3813.189920225996
3795.1411680488372
3785.535810384317
3793.787077304558
3791.7513423893843
3794.129432322923
3805.062309894478
3813.989089253941
3804.3183264515833
3809.759216355393
3808.4286305825226
3796.691474206629
3789.600126527716
3818.8229377222015
3845.1086494456977
3858.979648443521
3843.3672376507893
3837.098563971231
3826.4692071174495
3823.1304792219307
3828.650059682201
3860.340892874752
3861.12984234991
3832.392459912808
3835.9570399249214
3813.0580879950426
3819.121348663583
3824.0083388063363
3846.42186197883
3844.697823423659
3863.2166750290203
3818.27312578226
3803.02964084514
3807.7888865780546
3823.883660262334
3832.3822403600207
3836.490500580403
3837.811888755765
3839.629947196576
3833.1926508960323
3831.878416407621
3824.5295359984734
3825.264321843861
3823.1723793883575
3836.561015494634
3858.376694829087
3850.6987448201976
3841.5389596571913
3820.285355726024
3827.235673576477
3833.8477242296804
3834.538565998082
3826.650093201781
3815.277774860384
3832.0041169069013
3836.31983404886
3849.074857882341
3830.953546880394
3830.0971483568433
3834.460897396901
3824.2566739390613
3832.399613599759
3830.4159984037983
3826.4416143249255
3838.186946343049
3846.2021415939093
3840.210417794879
3830.284166172845
3825.9704929414443
3817.5117690996267
3833.5217204957735
3829.628070883919
3842.379006896285
3841.693274904275
3863.475229714532
3844.772426159005
3837.0505320731318
3837.7045834515006
3835.609575130162
3856.585207225522
3855.578581276001
3839.879304284578
3840.391303879209
3829.297979328898
3855.651140100788
3868.1578288015444
3858.2632577931513
3840.659056162229
3863.7123233391912
3874.074949865229
3856.847849732149
3865.034733469831
3849.003321012831
3854.55560404202
3858.8059160461407
3846.360544662108
3845.505168093834
3833.666838145349
3839.6820669157896
3844.913455987465
3833.129289668752
3830.5795112483893
3823.541305243969
3840.7622736453773
3848.420806503971
3852.8458728607507
3842.2645479050707
3834.341328629293
3833.761879986269
3826.138093607151
3839.7822185331024
3842.6661763296
3833.317329440033
3829.5330290429993
3830.759375377441
3819.5934920023433
3840.350425668061
3854.1345584671935
3862.005658023758
3857.204512124416
3830.224892766681
3836.679562306963
3841.8159095377196
3836.504807954305
3835.767978198361
3839.9631046174327
3841.7034944570623
3854.952122690156
3841.003455091152
3836.841031240998
3834.8972723009065
3844.3554684052947
3842.2717015920207
3843.6687144580064
3828.434427118395
3841.436764129321
3833.235573017737
3855.3220705010467
3848.186778745148
3845.044266263139
3830.81558291777
3839.04436682188
3822.5418329813983
3837.203825364937
3826.5591391819758
3831.51664423896
3835.695419373573
3843.900698306272
3834.5436757744756
3825.3297269816976
3839.2518237434556
3828.114555116161
3829.54018272995
3821.0293391689193
3825.099787043989
3815.8940138934413
3825.5494473666186
3828.242299525999
3839.3734364216216
3830.9004052059026
3837.030092967557
3817.082547882572
3827.423713347758
3819.863288195921
3824.273025223521
3821.8254423310277
3833.3091537978025
3833.522742451052
3847.609374012681
3829.880493837758
3845.840369425248
3825.0946772675957
3830.299495502026
3832.2197494707066
3836.9289193949653
3830.995447046822
3801.3015144688543
3823.244938213146
3821.666017307551
3834.750110740773
3825.7936946782283
3829.930569646415
3867.1767517339904
3843.0248826324237
3838.6621555476454
3834.2381111461436
3834.673464094871
3820.8515189504246
3829.7507055173633
3819.4718793241773
3845.979355343152
3837.011697772541
3836.205375057645
3842.530256277532
3830.984205538756
3832.462974827038
3830.9647883884613
3842.215494051692
3826.932152858703
3818.0646469054054
3826.271969748661
3825.801870320458
3838.558938064496
3820.9015947590815
3840.329986562487
3824.746190517559
3845.1546374332393
3834.770549846347
3839.1680234106025
3824.7216635908703
3840.1296833278607
3848.007936571376
3841.6738577539795
3847.209789498709
3831.073115648003
3838.700989848236
3832.8237250404213
3830.0368529954
3823.784530600301
3841.809777806048
3840.6181779510807
3844.403500303393
