4115.602260741269
4117.9585189185245
4116.563627314995
4136.467721145209
4149.154119631888
4118.853698464801
4126.469343310886
4132.493190146774
4122.656143191864
4135.820742951875
4159.636490104446
4138.082684615015
4126.360134715592
4086.511407500849
4108.319205708124
4133.375959625402
4153.766528107382
4118.6369359498985
4104.826185334396
4114.5556783696975
4117.315677414406
4109.316147809106
4097.362770651448
4091.692197074579
4111.310032011068
4100.901294606549
4121.3563954402925
4110.654780439303
4112.30449209852
4136.087145737366
4135.212649637169
4163.445553534254
4158.129080554249
4122.153121783235
4133.75488035756
4137.462181232661
4167.8362354677865
4130.7218598246145
4171.955550588772
4152.095305664244
4146.6150197912975
4184.113280193686
4159.456130454641
4128.791680636575
4151.794154689341
4142.077899059528
4134.880059824228
4177.853642072502
4154.167786961304
4117.300785333231
4159.697713104839
4140.908043349331
4126.624055487553
4152.213614975813
4144.122250869922
4113.068952265579
4116.824238735583
4124.410099419316
4118.538482746565
4094.749210404975
4103.536365636944
4137.204051825602
4148.292860937181
4158.083576972877
4139.772935828546
4132.753801567364
4177.807311153287
4150.512608370321
4155.51138361856
4145.632969771493
4130.4066441063815
4142.429517642862
4148.459983181495
4145.438545378355
4143.58365393404
4096.156512076153
4082.916624572415
4114.7136998977385
4123.2385890334335
4137.785670329328
4132.8414993787355
4148.772716886201
4158.806670247779
4141.4904891909
4120.7301006930375
4129.633083223046
4147.245451227768
4151.358147646009
4137.713691936975
4143.224589310117
4146.37840116816
4135.322685570306
4185.362560336824
4167.612026912297
4181.131554607016
4169.595983060142
4144.363833520119
4129.7869680618705
4101.466366353412
4118.696504274604
4131.033766191479
4114.8634480473465
4140.516712549525
4162.029151146801
4120.988230100097
4136.905382864229
4125.661034238141
4137.836137937758
4121.643481671862
4143.279193607765
4147.6673935277695
4168.876199136612
4134.668261336385
4107.7797814343985
4130.057507536576
4129.034917962457
4138.446713265996
4152.965665075225
4169.9409829407305
4177.517742908189
4153.472823173068
4147.760882704043
4170.02785341426
4154.08505317699
4165.701703832491
4171.413644301516
4158.249044541504
4152.930089547971
4167.6442930881785
4149.559515175026
4148.371458032279
4121.926431214216
4108.684889034791
4131.176895638342
4186.010365868
4206.259459578803
4179.800368017406
4158.6478213818955
4147.092393726788
4178.993713620347
4172.940909959949
4139.445310042663
4140.129518438938
4130.996535988537
4149.586817323849
4150.079910678359
4167.394437059552
4164.551704230529
4172.227744739163
4164.492963243667
4152.696780276205
4188.518026870552
4197.039606654873
4189.676299850945
4170.937097703869
4161.96792814641
4137.764159545407
4140.2304536558
4140.37771979188
4176.189865669951
4166.522422972884
4142.859733321294
4131.1107086108905
4164.761848042686
4136.113620548346
4160.2569934868
4146.443760857766
4157.0278938850315
4162.541273271704
4158.576670327387
4159.234403912681
4138.55592186129
4171.34083857132
4175.834110397403
4169.087170286613
4152.7844780875785
4161.748683617978
4163.812064198764
4181.817417678977
4170.278536780731
4152.468435031497
4122.961430855981
4125.608911954023
4116.709238775387
4129.611572439125
4118.847907099899
4126.420530378141
4176.127815331715
4191.227558306829
4218.2881244801865
4188.118422692316
4178.756267659366
4157.401023252288
4163.2445104383705
4161.550122535625
4188.55442973565
4171.501342112889
4147.4282928911025
4147.1776095246305
4206.702085324882
4215.932693640772
4172.1367375764175
4151.17944267189
4125.683372359906
4117.459634199114
4105.983630976946
4106.33028553322
4118.045389392055
4152.202859583851
4212.957586756849
4189.413206416827
4184.834718792901
4162.808503395037
4122.589956164412
4116.9210372632315
4089.8455790086964
4132.623082188147
4156.1285776495415
4149.5247669856135
4145.719840245022
4150.348795477379
4199.855864672915
4218.8201027133255
4223.521863675878
4184.5211577503505
4195.154931048205
4162.7696185164095
4149.214515294438
4190.017990380161
4191.357450348201
4210.866076689395
4178.5014476036795
4160.547389069741
4123.924452105393
4116.182224569307
4115.953879324602
4142.519697467765
4153.399190105029
4146.757321900317
4137.251210082661
4154.352283300324
4168.795120027984
4156.787965910522
4150.130378286791
4129.028299259712
4125.171250235003
4144.407682425805
4145.03645918659
4138.267180954033
4177.1123473650505
