4238.535619840046
4242.587180925445
4246.213269736124
4250.116300712472
4249.056680437477
4240.238171362602
4239.957524531181
4232.543390454193
4229.878459999096
4221.995489430716
4225.184593288501
4228.769985977873
4227.252011452824
4232.70992254004
4244.879620732929
4246.66161402838
4233.770702056472
4239.589977526938
4245.044325020108
4242.674958196283
4242.462019651689
4234.461370743687
4231.2761432911275
4236.796880357323
4228.986451315196
4219.995577145984
4237.99619842567
4244.6627505811375
4232.319460583393
4231.332670111619
4225.327051180506
4232.572169082856
4229.0623356276
4234.017301537575
4241.132412659636
4247.074813064405
4245.129403527815
4239.1420625833625
4238.963539402242
4238.146458196545
4231.1058329369
4219.8351418113925
4242.600288327289
4249.457845443359
4243.896614663092
4237.309596283808
4238.576757577137
4237.687625529394
4239.530549536081
4262.216370816581
4266.394546827694
4252.560484610554
4239.2396351376565
4225.9021882715015
4228.725327581607
4250.616896739078
4274.38046294242
4283.060004116701
4268.1244785289255
4245.752646071623
4219.960818303565
4225.296923170279
4235.735027469192
4240.28662642791
4237.45309687975
4234.496172520974
4233.578727994564
4231.1739951066165
4228.9988165571785
4225.330338764684
4222.990130849779
4221.805165294449
4239.0588977440575
4250.851259782801
4249.104558948842
4240.986930926215
4231.465449257668
4236.719898139008
4244.236125198534
4243.2555848168295
4229.060550763802
4216.7408197414825
4220.368705683065
4230.3228113486275
4243.87628193632
4241.440231128947
4242.390950178053
4242.224669567863
4238.674035720907
4237.091327682029
4235.123113596981
4228.598939597337
4228.857922721079
4245.198767873837
4246.024865401812
4232.0145494180015
4220.7799971842405
4222.105721637516
4232.284695607423
4229.778599629693
4230.377976520448
4234.066958779185
4241.113870930218
4240.93290046162
4231.940032887821
4229.433213150888
4231.292716150175
4243.019173166547
4250.832331639568
4244.466930781767
4241.147906013431
4236.54209258354
4253.171343511721
4254.604957154713
4255.098634534018
4248.037063192343
4258.973144490913
4262.96898838476
4252.562128402643
4244.682629425018
4237.404378071682
4250.215964808192
4267.727067257218
4262.2557850254
4256.62067560442
4245.027028401859
4244.469881020553
4239.709796476405
4231.36249757777
4223.5361642338285
4218.063330213209
4229.613208384626
4239.470569525493
4236.986934617277
4234.412559932332
4231.9534776350565
4233.250950945189
4229.423135724015
4231.813626502893
4228.030414476012
4228.063008174372
4227.570103622691
4224.918758986537
4223.703880095321
4237.11056250289
4257.173333225244
4265.023544489344
4264.827448680109
4252.268588843718
4242.143921348271
4240.064131808411
4226.388996071927
4227.421665516928
4234.4481038694785
4242.335165517423
4242.462909016812
4236.66888538228
4228.286698836623
4228.237023194353
4236.777829543039
4231.8728030180955
4231.2897291100735
4222.636396605926
4223.004446561479
4229.605498509045
4239.895011363379
4243.539237089011
4236.475169391441
4224.689609462498
4234.104066772239
4239.8272540081325
4237.0741905361465
4230.894139503477
4228.793968168426
4238.215503597832
4241.009128252968
4238.844744756054
4239.234366415998
4242.429064073726
4235.685535833498
4233.7541230638735
4227.313242708138
4231.516014265061
4226.2039406573185
4231.740968439141
4231.271432722754
4237.703468495683
4236.845323155526
4240.630461117915
4233.076432973898
4235.656585465365
4231.7888101491935
4230.65628646834
4225.851034443062
4226.465027589593
4232.09461681326
4240.462659386687
4237.015148959103
4230.795935193269
4222.9533050001455
4220.550271106261
4216.002002666587
4210.1726559028
4203.146634631827
4198.171237858239
4208.704479691073
4220.153467056256
4225.411663538218
4221.25345224072
4230.296124261393
4243.969205257765
4238.5738870745345
4228.5724855851
4225.911351799042
4225.7993285948905
4219.976133784334
4219.733373907141
4221.7782819335325
4230.570392198141
4230.302466354751
4227.874002751908
4226.244587710205
4224.263793708834
4227.520887996864
4231.025348460068
4232.757255165227
4228.518093240903
4221.105584555348
4229.49565884961
4228.958347377317
4229.815358010249
4222.840778844685
4233.265947481225
4240.110164120453
4247.395603997402
4245.399371844212
4236.023494580139
4228.529053899347
4235.2360629675695
4241.787150995895
4236.8906930438925
4231.560267846858
4224.207089015319
4225.750615920376
4224.051370382656
4217.530882648105
4214.178626291942
4218.131498516479
4221.918028795301
4220.985876009827
