4317.444736076137
4316.789965856552
4314.345496690834
4314.554335459582
4306.32222280985
4295.437550185358
4284.639398586266
4300.521937753937
4316.273152058281
4310.171381313059
4299.416642979019
4287.228998265401
4289.08841548085
4299.407904492431
4307.393438013722
4311.103755185614
4311.056876022935
4303.992960503282
4307.015418140889
4309.674335772963
4316.701943644468
4326.613573406046
4333.977136319665
4340.000355497067
4346.557438792941
4345.883537661134
4351.730712414337
4360.006243596435
4359.239885167721
4349.645890703532
4342.754327215595
4342.026915363148
4327.972626668722
4301.019878738787
4281.100153486953
4277.412606946559
4286.722782318308
4287.517647491778
4288.072696777941
4299.833319725408
4303.495472508093
4302.366437914515
4292.6735916249945
4282.187560437576
4292.272458744803
4304.657791307215
4299.907167574943
4297.4950766353995
4295.305429956438
4299.025423198147
4314.549710751143
4321.204218428267
4313.254813466166
4310.0141728310855
4308.683073244455
4310.850644578356
4314.537364149205
4323.009139933947
4330.061361999579
4338.936161632961
4348.711136001692
4360.501087396048
4357.82056321069
4337.286373284494
4319.211516905767
4308.488356165011
4296.012420402883
4283.765033727098
4278.509821650116
4284.316132522016
4296.532204970556
4294.24920028265
4286.216092312185
4284.517560169232
4292.363699290378
4306.0177663512295
4325.039429063746
4342.631398462939
4348.413711417396
4350.397790334377
4356.194167037629
4351.051264792837
4325.0599716182205
4306.200352788856
4296.7283020882505
4288.490595542955
4286.359837520021
4287.031057585129
4286.388412739927
4287.232485232332
4300.1189244399
4323.0240780581935
4322.98281386033
4305.3106968949705
4289.993641577573
4285.301606264002
4287.868287826678
4289.0627530898055
4300.090059517238
4307.526011232349
4318.931548225432
4341.37434688396
4351.174962574492
4338.268539148554
4327.461206607837
4327.6845041745255
4324.086138657002
4329.1927121843955
4342.971635837613
4356.799097859809
4349.754587153108
4331.161152423364
4304.363790482009
4299.814499585198
4302.921919121028
4305.250296517602
4308.042440516091
4312.514001547383
4320.395226298087
4326.478988070578
4325.86237959631
4316.786278731401
4309.2007877547085
4307.172479137879
4306.222006748167
4306.024313632031
4304.905355424767
4303.194740045841
4308.998543672615
4315.679772472501
4323.498210749083
4337.708585985974
4351.6191242052055
4368.2852617453855
4361.295599659057
4335.857822979934
4306.812800079029
4287.044231156614
4289.958561215386
4293.84119354771
4299.367335581089
4304.457554074766
4311.521501198269
4318.237489053694
4316.94400341087
4321.96166454877
4336.269121790945
4344.934382101812
4338.059110439743
4330.532049862134
4326.566530956351
4315.462237355656
4295.348026786565
4277.3821249561715
4274.896976265365
4284.948822129244
4301.649639715135
4327.321875415566
4343.025136023575
4351.735568884942
4349.170362172344
4340.893371942217
4337.490076414661
4353.351272395025
4364.262286895116
4348.3224761391275
4325.646556359036
4311.5851357110805
4305.408021197083
4305.1850818082785
4321.650808294287
4335.429368502326
4346.4571331867655
4348.248422864045
4340.347482528414
4329.797500788802
4335.0618885401345
4344.6195437521865
4333.012884616529
4311.798146198581
4296.450708969976
4294.853435818357
4302.479906557473
4315.711918936522
4332.603950832963
4356.60253721779
4374.441707289318
4373.491629948743
4353.486537214973
4321.012861900117
4303.660713655585
4293.091780092684
4298.524996037533
4310.536138069988
4311.970898546801
4309.697217018196
4303.925270152746
4314.204537896148
4348.010613826211
4336.492045377796
4296.128512172028
4264.097628984264
4253.7538260159945
4260.726285029868
4273.305196930258
4287.055740254392
4303.841261639761
4323.561829459986
4342.987558950869
4341.775263804001
4324.410337037165
4315.347773188885
4310.678403160402
4313.676736464924
4324.529215219512
4351.404628333037
4363.407047680881
4360.593565762309
4352.120773384483
4349.686622901862
4345.484717135114
4357.650734226006
4360.48876713075
4323.894287000563
4295.775838650967
4288.688278124493
4291.862255536663
4293.113971318805
4307.7180893836185
4306.362033226891
4279.352403490429
4259.4193361128855
4253.063459236687
4256.0233884990275
4270.551198875075
4293.148461741002
4303.487134337946
4314.679845199836
4328.077609656521
4350.429246779248
4364.508397231826
4358.4784148134495
4344.361160556014
4334.234134210206
4329.806086523111
4335.45326107332
4343.920638644514
4356.407082713347
4363.135511982466
4372.073798643739
