4151.506265332222
4146.181302561416
4140.2470711323185
4126.824538394123
4116.940331891881
4126.676790549217
4133.706181154882
4125.223623224029
4126.526282887306
4125.159633221684
4142.421780897758
4150.198151124958
4142.421989185835
4132.109353638281
4119.430519984424
4122.890842335918
4127.1250785607735
4134.556810130233
4129.304390190894
4129.5275057742965
4115.871436539896
4119.355946344215
4112.89506502397
4118.004781595245
4135.386942257106
4130.626179812147
4128.061834655548
4114.166982669028
4127.607382618742
4142.168762957445
4142.525872863736
4135.0306459761105
4133.028489863626
4132.512729533452
4140.7721914079075
4138.29465030698
4130.531935966762
4125.36584492592
4135.627085390722
4134.5360984846775
4139.982623383835
4142.538890868485
4147.619564271164
4133.4534821556845
4125.319214432907
4117.578552592736
4118.6461982162655
4130.206915442179
4130.15667896185
4136.064828818432
4134.069194726327
4134.2865433336265
4140.0370711887
4133.2127857568685
4138.441167950437
4143.740153292765
4156.2126710983475
4161.027842294157
4150.323364803642
4135.085686100193
4143.749981886351
4147.747876234978
4154.68530114609
4156.819192957638
4142.734102358709
4132.862295505991
4121.059599607792
4124.194048755391
4136.252437793882
4133.218676404016
4139.65299448557
4143.5851739462205
4136.597506045779
4133.913785785627
4130.4838084032035
4138.085965181841
4126.183343079183
4134.5729003841025
4136.612242427155
4137.20781614445
4142.405768751916
4153.329684239496
4167.059487452797
4156.358192864443
4138.440640721244
4129.19798102007
4123.993799297331
4121.040977351997
4121.034748236724
4132.510679197704
4137.173897733073
4136.4961934238145
4135.917770927777
4130.295281658419
4129.014694022199
4124.9895009176125
4126.305946647915
4138.596257950021
4144.909768947498
4138.9529447711575
4136.635225714541
4124.502289071853
4130.445229546128
4130.150104869452
4132.248080005896
4143.632702681562
4142.205955397015
4145.662893067274
4131.207310053172
4126.787931764767
4130.075401049196
4132.269514150716
4142.246415355777
4143.962663538948
4147.62991358494
4141.665545474847
4137.178037458585
4132.00774811121
4130.398690179148
4127.7987017255455
4133.800027951122
4138.3649930956435
4139.868709333274
4137.699434584816
4137.29031774955
4138.9153422644395
4139.037386058966
4134.843805062943
4133.670212407759
4129.111814846633
4140.396986475014
4160.9659286635715
4161.288892343402
4140.926331093146
4122.739879043839
4120.483917401754
4123.323808155887
4127.506148104807
4128.499395831193
4140.226554756833
4141.628737066418
4141.866920990318
4139.485075242304
4141.862891917848
4151.796176297996
4150.0404770514315
4151.18171345581
4146.063886667576
4135.7267837800955
4134.407799538867
4136.951270324849
4141.816306987852
4147.089724968852
4137.7114892572135
4124.6545216193945
4128.607341126576
4134.155510606819
4139.281219796929
4139.530065466721
4132.89381209549
4136.215356007351
4141.4482229035575
4137.110063946785
4138.683804031963
4136.681992896602
4136.181652393055
4133.033300016382
4128.4791658518125
4137.612253007008
4150.072403708079
4149.799390112471
4155.32902195395
4147.843089921717
4135.746017882114
4125.662225840054
4122.167893951151
4115.404942848696
4115.9529552856375
4122.2088876481075
4130.6607295967515
4132.522375874972
4130.515240375671
4132.650154100592
4147.121651625501
4157.1587220485135
4152.409506573767
4148.717600426781
4141.57409399148
4127.544726961883
4122.29312064784
4123.510596997035
4130.086557479267
4130.400219794706
4133.80153153067
4134.8968859773095
4133.349878364886
4136.153110417641
4134.734473350053
4131.285997382881
4133.265873180236
4138.276249357266
4140.180542619045
4142.468300737732
4149.126222577866
4151.150287992345
4146.027976501475
4141.7355823404
4126.270244769889
4112.851578379105
4098.936854408334
4097.579343382047
4106.216177687186
4120.963852182858
4121.114802456932
4116.761484033629
4116.255435134997
4123.7982949020015
4138.840618917176
4142.832049826445
4150.410891358576
4154.7843356172225
4149.514731911613
4143.068984021889
4138.367173611439
4135.836401889092
4132.639908930853
4130.209798930231
4130.207240892298
4145.249682069515
4147.063415581253
4134.384080734213
4124.526417943656
4124.814063776604
4123.2608856299275
4125.1756714035355
4131.977526813184
4136.432079750423
4143.758671404521
4155.983554214756
4157.5459295817855
4149.774389034349
4142.443514456688
4131.958898048388
4116.803584260989
4108.192486551239
4110.35173743604
4119.195831394798
4131.592271980625
4141.116986281706
4137.586750735703
