4395.416497224602
4389.6919799553525
4395.482712621897
4405.6177406270535
4405.926271651938
4401.139378168392
4398.5361610108
4391.633777626991
4390.399862716786
4388.8952754025595
4384.050245878676
4384.2670218128715
4395.042954803257
4406.953837554102
4402.412151159613
4388.841016337884
4383.097653433936
4382.748939462253
4385.170352493698
4390.274906954411
4387.167148365661
4382.294212984578
4382.16908057343
4382.7593756857095
4392.759741543376
4400.5965643863565
4398.478852430496
4396.826781986911
4392.647160492288
4382.466273536394
4375.844585050048
4373.202663216952
4375.910409960585
4372.870256716042
4371.221458923375
4370.385821911136
4373.48247951921
4375.788922092507
4377.60290972952
4381.736007516186
4381.5265206681315
4383.297949897235
4381.425110327497
4376.225263152019
4377.07393033546
4388.311386132563
4397.3620881961715
4386.377281979775
4376.032771775215
4373.990990899068
4388.988076439921
4405.401741017722
4399.7279777296335
4390.0196773719135
4378.239919144481
4373.86593286635
4371.04426625989
4375.885349078331
4379.651445096841
4387.326759827758
4388.171643008574
4382.99524363315
4383.97956312693
4383.8705522404825
4381.790624527055
4378.707740874484
4372.489764560145
4374.677322510413
4382.125146164568
4387.431972765627
4387.414707672565
4383.428735069062
4380.020324920355
4383.0381460412955
4383.986173509895
4384.479135149233
4384.725615968902
4384.592836525422
4380.166548265055
4370.47299343108
4369.93451219259
4379.351021320824
4390.124602093364
4391.017663902204
4390.1609313077615
4389.897203989638
4392.44744046182
4394.794442522719
4390.018301370958
4385.891535048145
4383.566595489041
4386.127881806729
4388.024015771009
4380.149599280322
4371.96459241197
4373.609020471875
4388.8315284394075
4392.746971696677
4385.234118051456
4377.129807130988
4371.689764113174
4371.892714956693
4375.130979798156
4381.080863710265
4378.141507184306
4372.408468936172
4369.841009208794
4370.405164951585
4376.130565464691
4380.100960435763
4378.244191255553
4380.137740569391
4374.418462330803
4379.220914852172
4391.038317862481
4388.716055926856
4382.9747942135555
4379.0421137551375
4377.543792823636
4380.785934640761
4384.858744061273
4390.8719705038175
4399.594473096461
4397.093233415031
4391.356736569902
4383.966565496289
4386.7089818856
4393.796762803453
4392.6241171249485
4384.072238650692
4374.994025865293
4373.210486898056
4382.450658714749
4388.475855435871
4386.09881378656
4381.868461554035
4375.740622599535
4378.542067570343
4380.648999302506
4378.803679751863
4385.030995207817
4402.852815465368
4398.955223031296
4386.092533457878
4377.020689325546
4379.695677019423
4387.726892537823
4397.031513264099
4390.097202939218
4380.790183508575
4383.1440841688545
4391.1414528529585
4394.5883027040145
4402.0642460533545
4407.784091427471
4401.648926197618
4394.40617782089
4389.459352118267
4390.2023554446105
4393.029902595692
4386.939164531798
4385.423043912272
4382.230531102554
4386.2805528315785
4390.344813381293
4392.249663567836
4392.143255926439
4394.311201214449
4402.213811778753
4403.196848244616
4392.090851673861
4380.54634312317
4370.038158534775
4369.936436734466
4374.7742747939
4382.811612586818
4386.551276370771
4380.001474637005
4378.508662357976
4385.960925474669
4387.867611878704
4386.744957802453
4391.823768029087
4401.276750479924
4392.628565884792
4383.996474922447
4380.959055085206
4385.426683806689
4392.064619331336
4392.1560397190915
4390.778969574423
4390.600196369302
4389.762602274623
4385.688732961485
4379.822492242549
4383.120101773836
4388.191636860285
4384.124019983918
4386.146155657246
4391.953967470776
4389.781931369115
4388.0902544115625
4390.514461282786
4396.928145841026
4392.058273921528
4385.478288491144
4378.8874717018925
4378.880136129235
4378.96180364536
4385.769117449692
4384.2644371624265
4377.0548104303025
4371.86856985886
4377.178687705444
4384.412389805624
4383.464306553203
4379.258406229536
4379.711110543643
4385.760647605977
4395.398293103863
4399.612607487422
4389.43286874854
4377.695696820927
4375.2936919110525
4382.144005745221
4387.028028161024
4388.277906541765
4387.311828357939
4388.636150249792
4400.398043708072
4405.7499064484855
4391.878980067395
4384.29336572304
4377.477191588236
4375.903864658746
4379.446551116837
4394.2834487627615
4401.376459413972
4396.015615478137
4385.900083918941
4381.245965230224
4376.9032271899905
4377.1915133359635
4386.253981137465
4393.750415744268
4391.281563220445
4387.065724079072
4383.767700817767
4385.977586242987
4385.878723363579
