4439.3720140258065
4440.6814248853025
4432.790949056655
4438.053708067566
4431.1361990693795
4436.348988554984
4432.397210126876
4436.04734005928
4429.721616748244
4432.039313212633
4433.959869680077
4430.571360299021
4432.113090208113
4440.799938995064
4445.314463229121
4447.186096653461
4435.222188840329
4432.276341432154
4435.15050480926
4434.201868690074
4440.460878760517
4431.406191478372
4443.422685022324
4443.0268531281345
4442.659799494594
4436.635986299812
4444.705148965031
4443.422946642876
4444.300945213198
4441.218531877221
4435.68421073401
4433.6893540299825
4432.965711584956
4437.1335885884755
4444.831773311883
4449.890991533845
4444.758781178058
4439.556456514508
4440.437856151998
4441.084843775481
4435.193672200233
4436.166115789592
4445.055720503838
4454.719198808968
4442.8447652243985
4439.1585316559085
4436.096524722934
4434.456163865983
4436.682554757953
4447.045868037939
4448.647247432738
4439.77438643378
4442.1776328184615
4429.0058229197575
4420.660912193418
4433.810222724705
4431.0331205721495
4446.886802742721
4453.434118660748
4440.9859512070725
4435.740982393651
4428.3972935173215
4433.449186363846
4440.303121568054
4446.110836187422
4445.788781288713
4445.580531329841
4438.394076404868
4439.645669122517
4438.25044672218
4442.137343253553
4439.789822046309
4446.062698005974
4449.9953781338345
4452.823496293902
4446.121562630027
4442.84136415723
4440.408554650247
4441.8736297377945
4441.664856537819
4447.215398155213
4435.537179984152
4434.759382084995
4435.424683147073
4447.270338470996
4450.455568683654
4451.498388201327
4444.719538095355
4434.550870505572
4434.7264178955265
4435.5756382052
4441.00112519905
4444.602855329454
4447.457397165209
4447.906861272424
4448.525593876362
4444.919416196584
4436.071670770556
4439.270505251884
4439.285679243862
4441.924645745307
4444.758257936955
4446.9896196194
4441.873891358346
4439.823047856331
4435.640781722486
4438.2462607933585
4443.406464548139
4446.668087961793
4447.9016288613975
4444.84668568331
4440.87109978503
4445.432454097778
4447.300686454952
4446.1710089142325
4437.714909453571
4436.9441753093015
4443.827150394708
4441.233705869198
4447.629543487996
4437.3237867293055
4436.123733260274
4448.1847022979555
4443.327716762185
4447.816863802761
4440.6905816046
4441.967551515728
4440.60136899659
4438.98821667698
4443.44126008147
4438.420238460004
4445.429576271713
4445.4421340581775
4446.692680293621
4444.873632600099
4443.331117829353
4436.13079701516
4439.750055722505
4440.951940535397
4445.672360143363
4441.149202431114
4437.893596290141
4433.213727867633
4432.0835270858115
4435.674269153059
4442.369139062047
4448.772825297386
4448.948895928443
4438.987693435877
4440.903279112846
4441.153649980485
4435.592381920485
4438.858452883512
4436.455206498831
4442.187312778859
4446.007757690191
4443.806482371151
4439.691975960106
4436.8233066145785
4441.305389900267
4441.019438637644
4442.6545670835685
4438.959438416332
4438.239458659023
4444.871539635687
4444.904242204607
4443.791569999725
4442.1117044395205
4433.137857907742
4432.689963523835
4433.205879251093
4439.67706358868
4439.056238020331
4437.452242420018
4434.019257545233
4435.807434013696
4431.449882110447
4436.191492983073
4440.82845563516
4440.38003801015
4437.06059645465
4433.5690085763645
4429.991347536683
4433.436628577381
4432.548165185004
4435.917053024709
4432.6737430496505
4435.163324216276
4437.973913799405
4438.348816049486
4433.75083485955
4436.436893060237
4432.8294072777035
4436.105681442231
4433.885046202391
4434.1249522479775
4439.283324658901
4437.78266917637
4434.333987068504
4435.550261011721
4434.11187122041
4438.11649699989
4434.1979443818045
4435.99318460515
4428.6042353734365
4428.684552882702
4431.100357053846
4437.490177399963
4427.629175578564
4433.704004780859
4443.582011938095
4433.5582821337575
4431.573105390132
4429.396160782367
4429.669031017424
4428.9843700345455
4430.029282516629
4430.06067698279
4433.495754821986
4435.676885358572
4433.828536163301
4433.008094114274
4427.920882493318
4428.8985584937045
4431.033643813254
4431.643219697893
4433.818071341247
4432.661708504289
4430.0659093938175
4428.755452052116
4433.988909561276
4428.2416292892685
4432.543717635632
4432.602320639134
4432.935886842102
4437.240329773426
4432.957601347864
4434.008792723179
4435.18163765487
4438.460004783809
4436.023794209659
4434.723016828359
4432.326834198564
4434.002513829946
4435.561772315979
4434.1699509828095
4434.577032560706
4437.291084160387
4432.444563446671
4432.291515424134
