4923.67053221155
4920.759605294752
4923.682283473136
4923.2040668787295
4919.4924607826315
4910.635993024692
4906.152587968441
4913.421838716463
4919.922676461062
4928.723375519945
4924.943851115351
4913.327828623767
4903.78421082389
4899.51412104153
4904.350462293233
4917.700293803681
4924.3082871200395
4922.135897117883
4917.126872073031
4913.925947921143
4909.4202353852725
4909.928527242382
4906.5107026859505
4909.805238582683
4915.869088735394
4920.81238638493
4921.003593353122
4928.899644443745
4931.052515401232
4937.367723047545
4938.810538961693
4937.181296253558
4939.541507267177
4937.060397680962
4929.0408587567135
4917.6853557592885
4912.086576721923
4911.475311945485
4918.933977096371
4920.642092678884
4928.494923027741
4927.737464590206
4920.7609995122275
4915.373145661646
4912.894027814683
4916.3978955068
4924.472804782254
4926.6591369591715
4919.909730155924
4919.728681057917
4922.886583641963
4920.988256960882
4925.961829047048
4921.5891646932105
4917.2222763832015
4911.462963162122
4917.18084820676
4918.626253381936
4919.814724193604
4921.002199135645
4925.37625770696
4937.896131471101
4943.895847619897
4943.999218887076
4935.420997102641
4931.6233478708555
4924.676360533808
4916.311055675414
4908.0359766051315
4906.676614565643
4910.562896194145
4916.853605447657
4919.806956410521
4913.985301750853
4907.939178077485
4900.417773140161
4901.684120956584
4915.050683076747
4917.787731156845
4921.869402405966
4932.78034920234
4944.5820017922115
4946.260838807721
4935.942832786665
4923.497649244475
4920.385158315376
4918.869843092455
4911.057843398266
4905.822556774386
4905.722372290011
4913.307712057323
4925.266512874176
4929.888542982364
4926.806525663821
4921.912822321658
4913.306517013772
4907.888587900486
4905.962974391652
4909.999831507604
4912.403263262991
4921.5857787364785
4930.227537003054
4941.079727491496
4938.803368700385
4926.926030018941
4917.985710038493
4907.912090423658
4904.1351552800925
4914.7465444929685
4930.700973423253
4934.369159603661
4935.845237563317
4929.63519374951
4918.439428240098
4906.501739859317
4903.25639992211
4911.108433575266
4919.160039501472
4925.1055803426125
4927.656002454798
4927.9985816061435
4932.6939077188035
4930.701770118955
4920.889865041832
4913.895474310588
4918.3571694089915
4926.4498051637875
4929.467290130566
4924.18619350389
4920.89703530314
4918.444208414303
4915.954136001456
4920.185785216251
4932.281816867566
4952.463911534146
4955.438574107006
4949.090901110886
4937.861873555966
4927.057883157423
4918.184883963693
4911.509769034544
4905.388556791376
4909.7297516650315
4913.553691854945
4915.564950151614
4921.195597017015
4926.94515071576
4930.943766438073
4930.110422735037
4928.3359822354305
4931.434730163691
4930.604573243459
4923.160447789112
4920.409656708176
4914.626641789997
4912.2152430776005
4911.478299554362
4922.419719961293
4927.981253474651
4937.6491558038515
4941.044075358885
4927.834063943927
4920.375996314817
4922.26177503861
4926.116587186928
4928.058931305478
4926.077748271515
4925.750306338486
4926.410567900523
4919.1994759386625
4919.181948633242
4926.252423803915
4935.955380743952
4938.739832218247
4928.913785792436
4918.440224935799
4915.393859749867
4929.311336947135
4940.674209379788
4942.588868322735
4928.954417273177
4913.53855463663
4903.8865862214425
4905.215673824302
4910.673039374779
4923.3709746280465
4930.831830692111
4938.184734488716
4954.118648504706
4954.111478243401
4945.5260861976585
4933.254781492166
4927.6299106705965
4922.394026524942
4915.864706909038
4912.291526690953
4907.617113840437
4910.900695171283
4939.962361771124
4956.016178490086
4953.226946841587
4935.948808004421
4914.7780139731485
4901.061503266407
4890.0210934186525
4882.6656003610215
4885.835254206651
4906.071723354811
4927.537095621454
4937.680625284034
4928.508068506803
4916.261859715888
4906.2294691035695
4894.201754108598
4887.15896411353
4903.718284254649
4920.906794825475
4929.701717840527
4923.394676325147
4923.99080388327
4921.521843906492
4937.4139313981905
4958.618983344598
4958.033412004511
4942.952360736225
4926.329504112967
4912.217234816853
4900.606789195176
4916.794052444022
4936.478212297602
4936.956428892006
4927.61815940901
4913.288193012653
4904.5082080419925
4897.055518108862
4898.603298681591
4905.257699522519
4913.743703779585
4911.930822712417
4918.283475056667
4929.534610917282
4935.102517996247
4933.356957715795
4925.710869901296
4910.516887017422
4903.016196168321
4906.790542050858
4911.346844763732
4916.674149741052
4925.988717526951
