4971.846125203966
4970.141646538091
4969.786718302617
4975.800017907738
4979.492173086124
4977.279898142994
4973.762169319975
4971.069045991571
4970.826122994406
4969.182693552909
4969.6781427960195
4969.626402843416
4972.731681930626
4977.765058190985
4975.6617507237925
4972.233096932812
4965.406460951542
4961.560653792697
4962.803686555525
4970.963998209013
4972.220749898668
4966.957777598631
4961.364865108414
4960.631098507858
4966.068497163262
4975.641074341218
4977.8473717519455
4971.245530185963
4967.752103461894
4964.898664674287
4961.150849849919
4962.450130212736
4965.472507784979
4971.212114799907
4967.495853507239
4964.28856439984
4962.678550344399
4963.719914882876
4963.07394941401
4964.986759782981
4968.681756739067
4969.839340186232
4965.988829395334
4961.800539027494
4959.811392629966
4962.392706704733
4971.965577859693
4970.970465703089
4963.6801299950785
4958.2224469264365
4962.212988763304
4970.867279774886
4975.300061017241
4970.7584102912815
4964.3575510033115
4958.402458844871
4956.5085609964535
4957.901130061691
4960.912630484807
4966.397359437763
4967.619421841013
4964.865053303562
4964.201253229821
4962.480017874751
4963.574004296841
4960.965742330092
4959.549459119911
4958.431758552879
4960.745455562192
4966.133760058023
4969.523902861554
4963.753036291929
4958.627351252492
4957.75463152165
4960.174650213869
4962.18751075634
4965.041831474958
4965.231838611506
4961.15702336699
4957.258986293869
4953.118516185255
4954.658955683219
4962.172909898502
4967.702715325318
4966.307108497711
4963.028186993811
4962.304611596039
4962.205247368879
4962.394274582084
4961.617391354359
4958.432052529883
4960.452556474443
4966.580605103233
4964.916499279162
4959.645883577036
4956.23045875121
4959.331034206365
4962.5256823026175
4964.739427130764
4961.161824991379
4956.887301369203
4956.348735498922
4958.146012905547
4963.950882815237
4964.78881526734
4960.411595678632
4955.356661104687
4954.464734876287
4954.825542651827
4956.679459627779
4960.203753937209
4958.956017542325
4958.260859921553
4959.370623109493
4965.296611544594
4962.907656422404
4960.835020555903
4956.129918616039
4953.593387038126
4953.042964095374
4956.094445390957
4959.720259758903
4963.179683142909
4963.392326508722
4958.474483210711
4956.125508960986
4955.786651468368
4960.01070903829
4961.290194949545
4960.472252933672
4954.555181801008
4953.613181489691
4957.705831339081
4964.163820158052
4963.681991849433
4959.454798524807
4956.41742812539
4953.755662344021
4956.850554243774
4957.4907381649045
4960.891366148226
4968.039221001908
4969.698819178594
4964.888179494498
4958.427054920824
4956.0238909101345
4957.8574254805135
4964.615760804655
4967.598353489101
4960.915864231845
4954.3427344198635
4957.71808038089
4960.976031525213
4966.330626657985
4970.882174609726
4970.389371159646
4963.878662464726
4958.1490506679165
4957.734641085416
4959.113883193166
4962.0495375493965
4960.914394346828
4959.553182828622
4958.695651909622
4966.33268449701
4965.475153578011
4962.211616870621
4959.4712612369985
4960.486951783842
4962.085598728485
4963.7129574271285
4961.306265692399
4956.919834824248
4953.263446847946
4954.772920768214
4959.735154593744
4963.109226654421
4961.582506083285
4956.979218178941
4958.676445412065
4958.19775285815
4958.906139444077
4959.609038459274
4967.821384042368
4968.045002549642
4962.071585824655
4960.8854866081565
4957.589514438057
4957.181180380296
4961.925381261617
4969.353298207231
4970.01180669491
4965.0007726868125
4959.609528420946
4955.385666835692
4953.558109797715
4955.976658604917
4959.320843003579
4962.020923787731
4964.43878664859
4966.416173965982
4963.563519117052
4960.580044501596
4961.668543352955
4960.84854349806
4960.641289710643
4959.984447092651
4956.574117868217
4957.487406425534
4962.590455235705
4964.670538519627
4961.574666696527
4953.28216338383
4951.200610214892
4952.625908719845
4954.730686072056
4959.057537600842
4957.7142586798445
4959.535642200751
4963.555581737959
4966.298975133949
4963.104131053028
4956.9446268848715
4954.612605309011
4956.431539021554
4958.468113708969
4961.5666313251
4959.315747402186
4957.297791258322
4961.454430102125
4967.423241187392
4965.991867157703
4960.919489948221
4956.115219765866
4953.664823449959
4955.397229931161
4968.1989485071035
4973.007824329179
4966.224500959746
4961.206313511232
4954.805062253922
4954.348907936937
4955.709629493471
4958.675073519383
4964.0814086047585
4965.393231986388
4962.710005883766
4957.7077911857705
4956.418016079397
4957.548161672909
