4618.395559650503
4621.355702099518
4617.277727700221
4612.357648172504
4605.842906364956
4601.9731183641825
4612.5218194636855
4608.8468109609275
4609.26799000533
4609.817419965957
4616.093114207763
4618.044197672919
4623.298184911515
4621.474846441809
4618.8114265267795
4610.5988146014915
4610.898066739345
4610.467022239848
4623.861021772656
4622.0171935115995
4618.133239729154
4611.39412205831
4611.241081024157
4603.197952558178
4614.4799858196775
4617.240795483714
4620.9003734028665
4614.409156911311
4609.003899361272
4612.094822330379
4611.199342560298
4619.197949998159
4618.779047597239
4623.3667371764
4621.223656777489
4618.19142061817
4614.148354752283
4615.042569720431
4614.3965088919595
4620.198155368473
4619.662891189519
4621.6455947030545
4624.265505431515
4623.351812513565
4618.560489822846
4608.539717051073
4605.785484357099
4608.071740335069
4613.937385789501
4622.261047324695
4624.280683054736
4619.142298713013
4614.792391897659
4614.028198568444
4611.904090198561
4614.462784513361
4617.641231776382
4626.1842099671285
4624.9082777749545
4616.474072550629
4612.651082221458
4606.415102760417
4611.005827864221
4619.359844645858
4619.104607615345
4617.318960243307
4612.580759233863
4611.2398162222225
4607.396083141314
4609.984879742171
4614.478973978131
4620.762762952321
4621.2064554711715
4619.904721319519
4613.697832302984
4611.039724556083
4609.878383419232
4609.961860346952
4608.9014504045235
4614.682101168914
4617.950096408945
4624.9143488242435
4625.951992331838
4627.2709277898075
4621.755126550637
4612.896453796876
4604.721280008868
4601.865104278922
4601.957687780575
4604.257856579829
4616.8388414287265
4622.281790076431
4623.4772808655325
4618.418579045722
4613.6386395724185
4606.879790991388
4603.300654475313
4604.631226111086
4617.564837739499
4622.371843974214
4621.025841754832
4613.011297812587
4611.293696784659
4607.236718097486
4605.280828384976
4609.65375459555
4614.516918036185
4620.7650395958035
4620.045873215481
4616.857560497366
4610.083028372338
4610.3587551942
4611.460650640099
4615.86266729518
4618.587809544645
4624.593089132717
4623.372808225689
4619.960372604665
4611.779886648529
4608.871095158082
4604.743540522927
4613.877181217387
4618.232653161256
4617.105967597428
4616.376682801623
4615.036245710756
4611.47329865945
4611.41284112695
4606.782907163156
4608.250836289087
4610.320305215371
4619.312541053483
4628.981698887285
4624.6573410710225
4617.710037001652
4605.938272430865
4593.480226330067
4595.980992716237
4597.472953078936
4603.798227556599
4613.448160400987
4618.935124156036
4614.78556196721
4610.239104931135
4609.928469575863
4610.932216391595
4608.383893452663
4610.346360135235
4612.412287616103
4612.378137963853
4612.488175732211
4611.4356075617825
4614.040340667022
4613.591335980045
4610.042554710413
4609.738496325203
4610.330423630852
4612.096340092703
4612.406975447975
4618.809402843683
4617.7249616644895
4619.552600460774
4623.9667592144315
4622.998173892498
4617.981463496936
4619.49340773021
4617.355892459813
4613.1757220641575
4610.695951390109
4615.275040316111
4618.944483690356
4626.607665655017
4627.071847965215
4624.592077291169
4615.403797153109
4612.749483812012
4600.291690671601
4597.004723402544
4600.484446486516
4611.025052853634
4611.413347047725
4609.399529406585
4607.4049367548605
4610.763238853059
4612.176275575004
4611.237286618352
4614.940626684459
4616.293205873903
4615.606924343892
4612.551921749742
4605.921071124548
4595.610405749238
4602.486122029079
4610.050396482411
4608.8933556721395
4607.389000250478
4614.632520933057
4612.585059560443
4608.910556978458
4607.493219929934
4604.801974372331
4600.014952008191
4605.49938615937
4615.289206097785
4617.446199317982
4617.247119493391
4619.673515525774
4618.3477501373545
4615.747823279467
4605.321049086514
4594.169543384723
4592.44283578286
4601.890653278012
4607.878225638991
4607.8235861953945
4605.977228330468
4599.759209056904
4594.190286136458
4595.617741600463
4606.416114601963
4602.688996259476
4604.832582579161
4612.745689406207
4616.927124603799
4619.665673753776
4614.532601580178
4604.079519506975
4593.116722253906
4600.761185149927
4602.560492382865
4613.6512875917715
4622.0030277299265
4610.27021905874
4601.827919102029
4598.383104551466
4587.4430737332295
4586.451974936849
4593.965151392002
4599.448067780859
4601.362219029508
4611.0662853967215
4622.226391751672
4612.653611825328
4596.516003934804
4584.649126258491
4570.963969320215
4574.011636063143
4579.5916892406185
4585.869407165521
4586.495990044193
